name|code|group1|group1_name|group2|group2_name|rate|gubun|flag|open|high|low|close|volume|dealprice 
CJ제일제당|KR7097950000|005|음식료품|||0|3|4|222500|224000|218000|219500|87485|19303917500 
오리온|KR7001800002|005|음식료품|||-2.13|2|3|353500|353500|343000|345000|38547|13337423500 
진로|KR7000080002|005|음식료품|||-2.39|2|3|39600|39650|38600|38850|89904|3518194950 
대상|KR7001680008|005|음식료품|||-3.18|2|3|8510|8510|8210|8230|345346|2880122880 
롯데칠성|KR7005300009|005|음식료품|||0.51|1|5|782000|791000|782000|787000|2835|2236681000 
삼양사|KR7000070003|005|음식료품|||-3.5|2|3|57300|57500|55200|55200|29060|1623921900 
하이트맥주|KR7103150009|005|음식료품|||0.35|1|5|141500|143500|141000|142500|8977|1278569500 
CJ씨푸드|KR7011150000|005|음식료품|||-3.11|2|3|2600|2615|2490|2495|476887|1218228930 
삼양식품|KR7003230000|005|음식료품|||-0.3|2|3|16550|16700|16200|16650|39020|640323500 
빙그레|KR7005180005|005|음식료품|||0.21|1|5|47200|47600|47150|47500|13201|626083000 
동아원|KR7008040008|005|음식료품|||1.51|1|5|4620|4745|4580|4700|114952|534392550 
마니커|KR7027740000|005|음식료품|||0|3|4|1030|1040|1020|1025|512875|526749885 
농심|KR7004370003|005|음식료품|||0.67|1|5|225500|227000|225000|227000|2173|491148500 
남양유업|KR7003920006|005|음식료품|||1|1|5|505000|505000|501000|505000|954|478529000 
오뚜기|KR7007310006|005|음식료품|||1.68|1|5|149000|151000|148000|151000|3124|467939000 
무학|KR7033920000|005|음식료품|||-1.13|2|3|5310|5360|5200|5260|76800|403999300 
대한제분|KR7001130004|005|음식료품|||0.34|1|5|148000|148000|145000|145500|2721|397170000 
롯데제과|KR7004990008|005|음식료품|||-0.53|2|3|1323000|1336000|1318000|1326000|291|385043000 
크라운제과|KR7005740006|005|음식료품|||1.33|1|5|113000|115500|111000|114000|2910|327255000 
대한제당|KR7001790005|005|음식료품|||0|3|4|37400|37900|37400|37600|7966|300292600 
롯데삼강|KR7002270007|005|음식료품|||-0.35|2|3|283500|287500|283000|285000|817|232956000 
CJ씨푸드1우|KR7011151008|005|음식료품|||-1.49|2|3|16750|17000|16350|16500|11523|191745500 
우성사료|KR7006980007|005|음식료품|||-2.23|2|3|1810|1810|1745|1755|107350|189718800 
한성기업|KR7003680006|005|음식료품|||1.6|1|5|15500|15900|15150|15900|10918|169795200 
팜스코|KR7036580009|005|음식료품|||-2.22|2|3|2250|2260|2200|2205|53517|118770850 
삼양제넥스|KR7003940004|005|음식료품|||-0.31|2|3|65200|65600|64700|65000|1796|116940100 
사조해표|KR7079660007|005|음식료품|||0.9|1|5|11100|11200|10950|11200|9970|110429000 
사조대림|KR7003960002|005|음식료품|||-1.03|2|3|19200|19350|19100|19300|5630|108306500 
대상3우B|KR7001683002|005|음식료품|||-4.52|2|3|6190|6900|5880|5920|15425|96060600 
조흥|KR7002600005|005|음식료품|||0.89|1|5|55600|57900|55600|56900|1687|96058700 
서울식품|KR7004410007|005|음식료품|||-0.26|2|3|1935|1935|1880|1890|48371|91520340 
보해양조|KR7000890004|005|음식료품|||0|3|4|18500|18800|18300|18500|4330|79721500 
동원F&B|KR7049770001|005|음식료품|||-0.2|2|3|49600|50100|49600|50000|1538|76901050 
CJ제일제당 우|KR7097951008|005|음식료품|||-0.14|2|3|69700|70500|69700|70000|605|42386700 
선진|KR7014300008|005|음식료품|||-0.26|2|3|38000|38000|37800|37900|1060|40207500 
서울식품우|KR7004411005|005|음식료품|||2.44|1|5|6570|6860|6480|6730|4710|31255300 
삼립식품|KR7005610001|005|음식료품|||0|3|4|9480|9550|9330|9480|3161|29638780 
고려산업|KR7002140002|005|음식료품|||-1.01|2|3|3440|3470|3415|3415|7560|25953550 
크라운제우|KR7005741004|005|음식료품|||0|3|4|38000|38000|36700|38000|420|15704000 
롯데칠성우|KR7005301007|005|음식료품|||0|3|4|315500|315500|315500|315500|30|9465000 
MH에탄올|KR7023150006|005|음식료품|||-1.74|2|3|4080|4090|3960|3960|1810|7270600 
대한제당3우B|KR7001793009|005|음식료품|||-0.18|2|3|27850|28600|27650|27850|207|5802950 
대상2우B|KR7001682004|005|음식료품|||0.26|1|5|7650|7670|7650|7670|680|5203400 
대한제당우|KR7001791003|005|음식료품|||0.56|1|5|17950|18000|17950|18000|60|1079500 
팜스코우B|KR7036581007|005|음식료품|||11.17|1|7|1845|2140|1845|2140|450|865350 
삼양사우|KR7000071001|005|음식료품|||-2.37|2|3|24800|24800|24750|24750|30|743000 
보해양조우|KR7000891002|005|음식료품|||0.25|1|5|203500|203500|201500|201500|3|607000 
사조대림우|KR7003961000|005|음식료품|||0.58|1|5|86500|87000|86500|87000|5|434500 
샘표식품|KR7007540008|005|음식료품|||0|3|4|18500|18500|18450|18450|20|369500 
남양유업우|KR7003921004|005|음식료품|||-0.42|2|3|237000|237000|237000|237000|1|237000 
대상우|KR7001681006|005|음식료품|||0.76|1|5|3330|3330|3325|3325|60|199550 
한섬|KR7020000006|006|섬유의복|||-0.59|2|3|17200|18900|16700|16800|2643773|46743403500 
에프씨비투웰브|KR7005690003|006|섬유의복|||-7.57|2|2|53500|53900|50000|51300|98848|5145680200 
웅진케미칼|KR7008000002|006|섬유의복|||0.39|1|5|1280|1295|1265|1285|2465394|3156001585 
베이직하우스|KR7084870005|006|섬유의복|||1.37|1|5|14500|14950|14050|14800|209469|3064788500 
LG패션|KR7093050003|006|섬유의복|||-1.32|2|3|30100|30400|29600|30000|93755|2817022800 
쌍방울트라이|KR7102280005|006|섬유의복|||-1.82|2|3|1120|1125|1055|1080|1706111|1848550810 
대한방직|KR7001070002|006|섬유의복|||-3.53|2|3|34400|34900|32350|32750|31908|1067609500 
일경|KR7008540007|006|섬유의복|||11.11|4|7|90|100|90|100|7720424|752064900 
신원우|KR7009271008|006|섬유의복|||14.75|4|7|12200|14000|11800|14000|45870|627489000 
대현|KR7016090003|006|섬유의복|||0.49|1|5|1030|1030|1005|1020|480650|489198200 
VGX인터|KR7011000007|006|섬유의복|||-2.99|2|3|1670|1680|1600|1620|230540|375005500 
경방|KR7000050005|006|섬유의복|||-0.41|2|3|117500|122500|117500|120500|2078|249319000 
동일방직|KR7001530005|006|섬유의복|||0|3|4|63300|63300|62100|62400|2293|143127900 
태평양물산|KR7007980006|006|섬유의복|||1.95|1|5|12750|13500|12750|13100|9640|125622500 
일신방직|KR7003200003|006|섬유의복|||0.57|1|5|87100|87900|86800|87600|1403|122440000 
방림|KR7003610003|006|섬유의복|||0|3|4|12350|12500|12300|12350|9761|120862850 
신원|KR7009270000|006|섬유의복|||-0.34|2|3|1465|1465|1445|1450|82765|120270025 
성안|KR7011300001|006|섬유의복|||1.22|1|5|415|420|405|415|274810|113398200 
한세실업|KR7105630008|006|섬유의복|||0.71|1|5|7070|7150|7060|7120|12056|85337280 
에리트베이직|KR7093240000|006|섬유의복|||1.22|1|5|2480|2500|2415|2495|22606|55825740 
일정실업|KR7008500001|006|섬유의복|||-0.39|2|3|12850|12850|12700|12800|3870|49296500 
아비스타|KR7090370008|006|섬유의복|||-1.24|2|3|4015|4015|3900|3970|10480|41293900 
신영와코루|KR7005800008|006|섬유의복|||-0.65|2|3|92800|93000|92200|92400|394|36502200 
BYC|KR7001460005|006|섬유의복|||0.76|1|5|131500|132000|130500|132000|277|36367000 
F&F|KR7007700008|006|섬유의복|||1.11|1|5|4135|4135|4050|4115|8080|33103950 
인디에프|KR7014990006|006|섬유의복|||-0.43|2|3|1180|1180|1155|1170|26794|31161630 
캠브리지코오롱|KR7004620001|006|섬유의복|||0.91|1|5|10900|11100|10900|11100|1458|16020100 
SG충남방적|KR7001380005|006|섬유의복|||-0.28|2|3|1800|1830|1725|1775|7070|12490050 
원림|KR7005820006|006|섬유의복|||0.9|1|5|11250|11250|10900|11150|630|6909500 
진도|KR7088790001|006|섬유의복|||0|3|4|2180|2235|2180|2230|1360|2970700 
BYC우|KR7001461003|006|섬유의복|||0|3|4|63500|63600|63500|63600|33|2097000 
남영비비안|KR7002070001|006|섬유의복|||1.09|1|5|8250|8390|8190|8340|222|1841080 
전방|KR7000950006|006|섬유의복|||0.4|1|5|38100|38100|38100|38100|10|381000 
한솔제지|KR7004150009|007|종이목재|||-0.36|2|3|14050|14300|13750|13850|492020|6871489950 
한솔홈데코|KR7025750001|007|종이목재|||-3.31|2|3|1505|1510|1460|1460|3236065|4817929150 
무림P&P|KR7009580002|007|종이목재|||-2.31|2|3|7390|7430|7170|7190|78724|575115460 
세하|KR7027970003|007|종이목재|||-3.23|2|3|3255|3280|3145|3145|121070|385337950 
태림포장|KR7011280005|007|종이목재|||-1.91|2|3|1320|1325|1285|1285|220765|286310125 
아세아제지|KR7002310001|007|종이목재|||0.45|1|5|11200|11300|11000|11200|25704|285763000 
무림페이퍼|KR7009200007|007|종이목재|||0|3|4|8670|8670|8530|8610|32485|279209330 
한국제지|KR7002300002|007|종이목재|||-0.15|2|3|32500|32650|32000|32600|7990|258398000 
대영포장|KR7014160006|007|종이목재|||-1.15|2|3|435|435|425|430|483340|208113400 
동일제지|KR7019300003|007|종이목재|||-2.05|2|3|1475|1475|1415|1435|116547|167630420 
이건산업|KR7008250003|007|종이목재|||-0.23|2|3|8790|8790|8660|8720|16770|146086800 
아트원제지우|KR7007191000|007|종이목재|||2.74|1|5|29150|30200|29150|30000|2070|61388000 
신풍제지|KR7002870004|007|종이목재|||-1.4|2|3|10750|10750|10250|10550|5480|57252500 
신대양제지|KR7016590002|007|종이목재|||0|3|4|16550|16650|16400|16500|3410|56045500 
아트원제지|KR7007190002|007|종이목재|||-2.23|2|3|4050|4050|3945|3945|13300|53000200 
대한펄프|KR7004540001|007|종이목재|||0.81|1|5|4970|5100|4870|4970|9620|47566100 
KGP|KR7109070003|007|종이목재|||1.01|1|5|1505|1530|1470|1505|28950|43405700 
선창산업|KR7002820009|007|종이목재|||0.33|1|5|30350|30600|30350|30600|1412|43054700 
한창제지|KR7009460007|007|종이목재|||-1.46|2|3|690|690|670|675|50184|33952300 
삼정펄프|KR7009770009|007|종이목재|||1.91|1|5|38900|39950|38900|39950|851|33671950 
페이퍼코리아|KR7001020007|007|종이목재|||0.27|1|5|7280|7330|7210|7300|4630|33641100 
모나리자|KR7012690004|007|종이목재|||-1.29|2|3|775|780|765|765|41820|32184300 
대한펄프우|KR7004541009|007|종이목재|||-2.59|2|3|4245|4295|4075|4135|4367|18212395 
아세아페이퍼텍|KR7009380007|007|종이목재|||-0.57|2|3|7030|7050|6810|7000|2520|17537700 
수출포장|KR7002200004|007|종이목재|||-0.42|2|3|12000|12000|11800|11800|1120|13422000 
아트원제지2우B|KR7007192008|007|종이목재|||2.03|1|5|3985|4030|3910|4030|2370|9338650 
아세아페우B|KR7009381005|007|종이목재|||-2.19|2|3|1765|1820|1765|1790|1290|2321000 
영풍제지|KR7006740005|007|종이목재|||1.51|1|5|16750|16850|16500|16850|130|2151000 
SK에너지|KR7096770003|008|화학|||0|3|4|134000|137500|132000|132500|819995|110212787500 
LG화학|KR7051910008|008|화학|||-0.16|2|3|321000|329000|320500|321500|197745|63999901500 
OCI|KR7010060002|008|화학|||3.87|1|5|311000|328000|307500|322000|187537|60205889000 
호남석유|KR7011170008|008|화학|||2.55|1|5|176500|184500|175000|181000|285672|51105884500 
한화케미칼|KR7009830001|008|화학|||1.38|1|5|21700|22100|21350|22000|1861723|40584100550 
한화|KR7000880005|008|화학|||0.9|1|5|44700|45050|43950|44900|755224|33552593450 
제일모직|KR7001300003|008|화학|||1.33|1|5|89700|92200|89700|91500|298265|27255804100 
남해화학|KR7025860008|008|화학|||-2.46|2|3|18300|18700|17700|17850|1451027|26257372050 
효성|KR7004800009|008|화학|||0.11|1|5|91100|91800|90000|90700|287888|26172042900 
한국타이어|KR7000240002|008|화학|||-0.79|2|3|25550|25700|25000|25200|764072|19314931100 
S-Oil|KR7010950004|008|화학|||1.53|1|5|59200|60700|59200|59900|266492|15987333200 
삼성정밀화학|KR7004000006|008|화학|||-2.09|2|3|67400|68400|65600|65600|188226|12570842500 
동부정밀|KR7012030003|008|화학|||14.87|4|7|29350|29350|26650|29350|383425|11025870650 
후성|KR7093370005|008|화학|||-0.12|2|3|4100|4235|4050|4115|2351746|9764644245 
조비|KR7001550003|008|화학|||1.44|1|5|20000|20000|17000|17650|497008|8963677900 
금호석유|KR7011780004|008|화학|||1.09|1|5|55200|56200|54700|55600|154305|8574531100 
코오롱인더|KR7120110002|008|화학|||-0.8|2|3|61500|62900|61300|61800|125913|7783731000 
SKC|KR7011790003|008|화학|||-0.18|2|3|27700|28100|27450|27550|274110|7612745900 
SK케미칼|KR7006120000|008|화학|||-1.64|2|3|67200|67400|66100|66100|109565|7298311700 
아모레퍼시픽|KR7090430000|008|화학|||-1.89|2|3|1042000|1050000|1030000|1036000|6936|7210310000 
경농|KR7002100006|008|화학|||-8.71|2|2|5050|5080|4540|4610|1456120|6962129045 
한국콜마|KR7024720005|008|화학|||-0.58|2|3|6900|6950|6610|6820|922904|6235422920 
KCC|KR7002380004|008|화학|||0.81|1|5|309500|313000|309500|312500|18462|5747755000 
현대EP|KR7089470009|008|화학|||-3.47|2|3|4005|4075|3850|3890|1415170|5622682260 
LG생활건강|KR7051900009|008|화학|||1.02|1|5|385000|395000|385000|394500|12302|4801727000 
LG하우시스|KR7108670001|008|화학|||-0.65|2|3|92500|93700|92000|92100|51250|4747384800 
휴켐스|KR7069260008|008|화학|||-1.06|2|3|28300|28350|27850|27900|148699|4177160850 
카프로|KR7006380000|008|화학|||0|3|4|14950|15300|14800|15050|265866|4002043100 
케이피케미칼|KR7064420003|008|화학|||-0.43|2|3|11800|11900|11600|11650|341150|4001309750 
금호타이어|KR7073240004|008|화학|||1.11|1|5|5450|5610|5250|5470|671000|3673242220 
락앤락|KR7115390007|008|화학|||1.24|1|5|32250|32900|32250|32600|109449|3563211900 
KG케미칼|KR7001390004|008|화학|||-1.72|2|3|11700|11750|11300|11400|284333|3270835700 
이수화학|KR7005950001|008|화학|||-2.52|2|3|17800|17950|17100|17400|181599|3167813700 
대한유화|KR7006650006|008|화학|||-1.1|2|3|72200|73300|71100|71600|33661|2414014200 
한국화장품제조|KR7003350006|008|화학|||-2.63|2|3|9890|10000|9560|9630|202533|1973296650 
동일벨트|KR7004840005|008|화학|||2.63|1|5|7180|7480|7150|7420|231447|1700122640 
송원산업|KR7004430005|008|화학|||0|3|4|10750|11100|10650|10800|144820|1573272500 
국도화학|KR7007690001|008|화학|||1.05|1|5|33450|34500|33050|33800|43920|1482290000 
LG화학우|KR7051911006|008|화학|||0.84|1|5|118000|121500|118000|120000|12246|1465448500 
넥센타이어|KR7002350007|008|화학|||0|3|4|6790|6910|6780|6830|211172|1448045960 
현대피앤씨|KR7011720000|008|화학|||14.67|4|7|1480|1485|1415|1485|804700|1194047350 
건설화학|KR7000860007|008|화학|||0.99|1|5|15300|15550|15150|15250|54790|835379000 
일진다이아|KR7081000002|008|화학|||1.15|1|5|30800|31800|30600|30850|26456|821166600 
덕성|KR7004830006|008|화학|||0.65|1|5|3795|3905|3710|3860|196372|744888720 
동방아그로|KR7007590003|008|화학|||-2.3|2|3|6550|6590|6370|6370|100321|648417670 
코스맥스|KR7044820009|008|화학|||-2.01|2|3|6460|6520|6330|6330|98470|630809700 
영보화학|KR7014440002|008|화학|||0.93|1|5|2690|2725|2655|2715|189955|511116745 
경인양행|KR7012610002|008|화학|||-0.77|2|3|3935|3970|3835|3875|124396|485380250 
한국쉘석유|KR7002960003|008|화학|||1.67|1|5|180500|184500|180500|183000|2432|444761500 
유니드|KR7014830004|008|화학|||-0.11|2|3|46750|47300|46750|47300|9410|442417500 
LG생활건강우|KR7051901007|008|화학|||-1.15|2|3|94100|95000|94000|94200|4493|424283500 
화승인더|KR7006060008|008|화학|||-1.58|2|3|9590|9590|9240|9320|42150|394677500 
애경유화|KR7006840003|008|화학|||-3.42|2|3|32200|32300|31100|31100|12111|384660350 
금양|KR7001570001|008|화학|||-0.78|2|3|645|650|635|640|598282|383108555 
노루페인트|KR7090350000|008|화학|||1.31|1|5|3415|3540|3370|3480|102440|353152100 
내쇼날푸라스|KR7004250007|008|화학|||0.55|1|5|1815|1850|1805|1840|191611|350352860 
KPX화인케미칼|KR7025850009|008|화학|||-2.2|2|3|59100|59300|57700|57700|5987|347512200 
태경화학|KR7006890008|008|화학|||0.78|1|5|5140|5140|5040|5140|66838|341036650 
내쇼날푸우|KR7004251005|008|화학|||14.81|4|7|1075|1240|1075|1240|271330|330322850 
율촌화학|KR7008730004|008|화학|||-0.98|2|3|9200|9240|9090|9100|34701|317248440 
SK에너지우|KR7096771001|008|화학|||0.42|1|5|47300|48550|47300|47700|5851|279368150 
코스모화학|KR7005420005|008|화학|||-0.56|2|3|7170|7170|6900|7040|38520|269141400 
삼영화학|KR7003720000|008|화학|||0|3|4|19500|19850|19250|19400|13770|268161500 
태광산업|KR7003240009|008|화학|||-0.96|2|3|726000|726000|716000|719000|341|244933000 
대원화성|KR7024890006|008|화학|||-0.86|2|3|1165|1165|1145|1155|196141|226008655 
SK케미칼우|KR7006121008|008|화학|||-1.08|2|3|18800|18850|18300|18400|12049|222379200 
태경산업|KR7015890007|008|화학|||-0.32|2|3|4710|4745|4710|4720|44051|208384120 
극동유화|KR7014530000|008|화학|||-0.35|2|3|14100|14200|13950|14150|14441|204015650 
보락|KR7002760007|008|화학|||-2.55|2|3|2775|2800|2655|2675|72405|196266650 
S-Oil우|KR7010951002|008|화학|||0.24|1|5|41000|41550|41000|41100|4234|174431800 
한솔케미칼|KR7014680003|008|화학|||0|3|4|13500|13500|13250|13350|12300|164236050 
SH에너지화학|KR7002360006|008|화학|||0|3|4|390|400|390|395|400360|157576350 
조광페인트|KR7004910006|008|화학|||0.81|1|5|3695|3745|3690|3745|33290|123637350 
백산|KR7035150002|008|화학|||4.78|1|5|1365|1440|1320|1425|85102|117856455 
성보화학|KR7003080009|008|화학|||-2.78|2|3|28250|28800|27500|28000|4119|115616500 
넥센|KR7005720008|008|화학|||-1.17|2|3|51200|51200|50400|50700|2123|107422900 
넥센타이어1우B|KR7002351005|008|화학|||-1.1|2|3|2235|2245|2220|2240|46230|103078400 
한농화성|KR7011500006|008|화학|||-0.13|2|3|3750|3750|3705|3745|22645|84411575 
금호석유우|KR7011781002|008|화학|||0.33|1|5|15350|15450|15100|15400|5251|80280900 
진양화학|KR7051630002|008|화학|||-1.6|2|3|930|940|920|925|80679|74627385 
아모레퍼시픽우|KR7090431008|008|화학|||-1.71|2|3|286000|289000|281000|287000|253|71703000 
새한미디어|KR7005070008|008|화학|||0.2|1|5|5090|5150|5020|5100|12280|62567700 
한화케미칼우|KR7009831009|008|화학|||-1.62|2|3|8420|8650|8400|8500|7270|61728700 
미창석유|KR7003650009|008|화학|||0|3|4|45500|46100|45500|45900|1252|57496800 
LG하우시스우|KR7108671009|008|화학|||0.3|1|5|33850|34050|33550|33600|1560|52593000 
미원에스씨|KR7107590002|008|화학|||1.63|1|5|123500|125000|122500|124500|403|49962000 
진양산업|KR7003780004|008|화학|||-0.26|2|3|1860|1895|1850|1885|26313|49079570 
KPX케미칼|KR7025000001|008|화학|||-0.21|2|3|47950|48300|47500|47800|991|47441800 
서흥캅셀|KR7008490005|008|화학|||-1.81|2|3|7100|7190|7050|7060|6401|45332960 
덕성우|KR7004831004|008|화학|||0.71|1|5|2175|2175|2010|2135|19490|40634350 
KPX그린케미칼|KR7083420000|008|화학|||0|3|4|3465|3475|3320|3460|9400|31983950 
코오롱인더우|KR7120111000|008|화학|||-0.52|2|3|19200|19250|19100|19100|1640|31487500 
노루페인트우|KR7090351008|008|화학|||0|3|4|2525|2525|2500|2500|10705|26936100 
대한화섬|KR7003830007|008|화학|||-0.46|2|3|64900|65000|64300|64600|378|24438100 
동아타이어|KR7007340003|008|화학|||-1.27|2|3|8570|8740|8540|8540|2360|20306700 
WISCOM|KR7024070005|008|화학|||-0.12|2|3|4250|4255|4220|4245|4440|18827400 
삼화페인트|KR7000390005|008|화학|||0|3|4|4800|4900|4760|4760|3860|18417650 
진양폴리|KR7010640001|008|화학|||-0.52|2|3|955|970|930|955|17017|15976115 
백광산업|KR7001340009|008|화학|||-0.41|2|3|36400|36400|35800|36250|440|15883500 
동남합성|KR7023450000|008|화학|||0|3|4|16300|16700|16300|16500|690|11435000 
미원상사|KR7002840007|008|화학|||0.65|1|5|91100|92700|91100|92700|99|9118700 
동성화학|KR7005190004|008|화학|||1.6|1|5|15600|15950|15600|15850|566|8974100 
한화우|KR7000881003|008|화학|||-0.6|2|3|16700|16700|16350|16600|510|8448500 
넥센우|KR7005721006|008|화학|||-4.42|2|3|18200|18600|17300|17300|310|5463000 
동방아그우|KR7007591001|008|화학|||10.83|1|7|1330000|1330000|1330000|1330000|1|1330000 
SH에너지화학우|KR7002361004|008|화학|||-1.61|2|3|117500|122000|117500|122000|5|596000 
알앤엘바이오|KR7003190006|009|의약품|||-5.49|2|2|4350|4385|4100|4130|4922862|20797746600 
LG생명과학|KR7068870005|009|의약품|||-2.31|2|3|52300|52300|50700|50800|247922|12720140100 
동아제약|KR7000640003|009|의약품|||-3|2|3|117000|117000|113000|113000|111293|12344332000 
녹십자|KR7006280002|009|의약품|||-1.7|2|3|146000|146500|142500|144500|40629|5851159000 
한미홀딩스|KR7008930000|009|의약품|||-3.34|2|3|45000|45000|43250|43450|106948|4683451600 
유한양행|KR7000100008|009|의약품|||0|3|4|169500|169500|167500|169000|18106|3059817500 
한미약품|KR7128940004|009|의약품|||-0.62|2|3|97200|98000|95200|96400|29384|2827432000 
일양약품|KR7007570005|009|의약품|||-2.09|2|3|26400|26400|25600|25750|94633|2451212750 
종근당|KR7001630003|009|의약품|||0|3|4|21250|21500|20750|21200|109476|2313646200 
동성제약|KR7002210003|009|의약품|||0|3|4|2065|2125|2020|2065|894603|1855458495 
부광약품|KR7003000007|009|의약품|||-1.12|2|3|13400|13400|13200|13250|127521|1694340650 
유유제약|KR7000220004|009|의약품|||-6.82|2|2|8720|8720|8010|8060|177891|1474195900 
오리엔트바이오|KR7002630002|009|의약품|||-1.5|2|3|995|1000|960|985|1043215|1021056825 
명문제약|KR7017180001|009|의약품|||6.84|1|6|3135|3570|3080|3360|265159|898488940 
동화약품|KR7000020008|009|의약품|||-1.28|2|3|5500|5550|5410|5410|150821|826633510 
이연제약|KR7102460003|009|의약품|||-1.95|2|3|10400|10400|9950|10050|74504|751137850 
광동제약|KR7009290008|009|의약품|||-0.9|2|3|2785|2790|2760|2760|251742|699087345 
중외제약|KR7001060003|009|의약품|||-1.97|2|3|17650|17800|17400|17450|39237|687805250 
삼진제약|KR7005500004|009|의약품|||-1.82|2|3|11000|11050|10750|10800|49632|540825100 
한올바이오파마|KR7009420001|009|의약품|||-0.22|2|3|4580|4600|4500|4590|117030|531868150 
우리들제약|KR7004720009|009|의약품|||-1.19|2|3|420|425|410|415|730478|303996045 
영진약품|KR7003520004|009|의약품|||-1.8|2|3|835|835|815|820|336003|276250950 
현대약품|KR7004310009|009|의약품|||1.71|1|5|1755|1800|1740|1780|151169|267729270 
신풍제약|KR7019170000|009|의약품|||-2.44|2|3|30300|30800|29100|30000|8630|254283000 
일성신약|KR7003120003|009|의약품|||-1.16|2|3|69400|69400|67700|68400|3588|244900400 
대웅제약|KR7069620003|009|의약품|||0.42|1|5|48150|48150|47400|47850|4790|228798000 
슈넬생명과학|KR7003060001|009|의약품|||-1.67|2|3|1200|1205|1165|1175|182758|215324850 
종근당바이오|KR7063160006|009|의약품|||-1.49|2|3|13500|13500|13100|13200|16060|212411000 
한독약품|KR7002390003|009|의약품|||-0.33|2|3|15200|15200|14950|15100|11981|179878100 
환인제약|KR7016580003|009|의약품|||-1.16|2|3|6890|6940|6800|6810|24080|164216100 
국제약품|KR7002720001|009|의약품|||1.16|1|5|3025|3050|3010|3040|53175|160891680 
유나이티드제약|KR7033270000|009|의약품|||2.74|1|5|5850|6000|5850|5990|25970|154526300 
대원제약|KR7003220001|009|의약품|||0.16|1|5|6410|6470|6350|6400|20990|134362300 
유유제약2우B|KR7000222000|009|의약품|||-2.04|2|3|6000|6450|5420|5750|18960|111461500 
제일약품|KR7002620003|009|의약품|||0|3|4|12000|12200|11800|11850|8200|97584500 
유유제약1우|KR7000221002|009|의약품|||-0.81|2|3|3110|3110|2970|3055|27511|83375355 
보령제약|KR7003850005|009|의약품|||0.32|1|5|15550|15750|15500|15600|4450|69541000 
일동제약|KR7000230003|009|의약품|||-1.28|2|3|39800|39800|38500|38550|1250|48478000 
근화제약|KR7002250009|009|의약품|||0|3|4|12250|12300|12150|12250|3212|39250000 
삼일제약|KR7000520007|009|의약품|||1.07|1|5|5650|5710|5580|5680|6041|34138480 
삼성제약|KR7001360007|009|의약품|||-1.02|2|3|3420|3500|3330|3385|7840|26375600 
중외제약2우B|KR7001062009|009|의약품|||5.71|1|6|18350|19450|18350|19450|1281|24183950 
일양약품우|KR7007571003|009|의약품|||-1.54|2|3|12650|13000|12500|12750|1460|18554500 
신풍제약우|KR7019171008|009|의약품|||13.93|1|7|17300|20450|17300|20450|830|14861000 
LG생명과학우|KR7068871003|009|의약품|||0.63|1|5|24000|24500|23650|24150|392|9366800 
유한양행우|KR7000101006|009|의약품|||0|3|4|125000|125000|125000|125000|31|3875000 
중외제약우|KR7001061001|009|의약품|||0.72|1|5|14000|14000|14000|14000|100|1400000 
한국석유|KR7004090007|010|비금속광물|||1.21|1|5|49850|56800|49850|50000|69957|3769784900 
유니온|KR7000910000|010|비금속광물|||-0.43|2|3|7080|7200|6900|7020|266807|1875378320 
한일시멘트|KR7003300001|010|비금속광물|||1.5|1|5|53200|54500|53200|54000|33173|1787648700 
동양메이저|KR7001520006|010|비금속광물|||5.72|1|6|2390|2545|2385|2495|560888|1391309305 
일신석재|KR7007110000|010|비금속광물|||3.89|1|5|900|945|890|935|1110336|1020300310 
한국내화|KR7010040004|010|비금속광물|||-3.29|2|3|3550|3550|3345|3385|168520|571883250 
쌍용양회|KR7003410008|010|비금속광물|||0.71|1|5|4950|5020|4940|4975|106173|527311130 
삼광유리|KR7005090006|010|비금속광물|||3.26|1|5|47100|49300|47100|49150|8840|429151500 
성신양회|KR7004980009|010|비금속광물|||0.38|1|5|3980|4035|3950|4000|75728|303038200 
아이에스동서|KR7010780005|010|비금속광물|||1.39|1|5|14500|14650|14300|14600|16025|231536900 
동양메이저우|KR7001521004|010|비금속광물|||5.09|1|6|1080|1240|1080|1135|194551|226911540 
아세아시멘트|KR7002030005|010|비금속광물|||0.46|1|5|44000|44300|43500|44000|4921|215621000 
전기초자|KR7009720004|010|비금속광물|||2.32|1|5|34250|35300|34200|35300|5440|187759000 
성신양회3우B|KR7004983003|010|비금속광물|||14.99|4|7|3135|3605|3050|3605|52159|183186245 
부산산업|KR7011390002|010|비금속광물|||-2.08|2|3|17000|17200|16300|16450|10473|175309350 
제일연마|KR7001560002|010|비금속광물|||-1.37|2|3|4705|4785|4620|4675|21618|100468100 
현대시멘트|KR7006390009|010|비금속광물|||-0.48|2|3|6180|6270|6110|6210|16201|100110010 
아인스|KR7004870002|010|비금속광물|||1.19|1|5|420|455|415|425|203481|87552525 
쌍용머티리얼|KR7047400007|010|비금속광물|||-0.86|2|3|11650|11800|11350|11550|5431|62836550 
조선내화|KR7000480004|010|비금속광물|||1.81|1|5|55300|56500|55300|56300|1045|58477000 
대림B&Co|KR7005750005|010|비금속광물|||-1.29|2|3|1950|1950|1900|1910|23540|45068750 
성신양회2우B|KR7004982005|010|비금속광물|||14.94|4|7|3300|3885|3255|3885|11503|43711255 
성신양회우|KR7004981007|010|비금속광물|||14.87|4|7|2200|2510|2115|2510|13473|33202330 
벽산|KR7007210008|010|비금속광물|||1.11|1|5|13550|14450|13400|13700|1010|13664000 
금비|KR7008870008|010|비금속광물|||0.13|1|5|38400|38400|37500|37850|170|6401000 
동양메이저3우B|KR7001523000|010|비금속광물|||9.29|1|6|2825|2825|2530|2765|2370|6247400 
쌍용양회2우B|KR7003412004|010|비금속광물|||-2.01|2|3|21600|21950|21600|21950|276|6039900 
동양메이저2우B|KR7001522002|010|비금속광물|||5.56|1|6|2085|2290|2085|2185|2500|5442250 
백광소재|KR7014580005|010|비금속광물|||-0.5|2|3|19700|19900|19650|19800|261|5163800 
한국유리|KR7002000008|010|비금속광물|||-0.39|2|3|25800|25800|25700|25700|130|3350000 
한국유리우|KR7002001006|010|비금속광물|||-1.13|2|3|13150|13150|13150|13150|158|2077700 
쌍용양회우|KR7003411006|010|비금속광물|||0|3|4|3350|3350|3250|3295|230|761350 
POSCO|KR7005490008|011|철강금속|||0.98|1|5|513000|520000|512000|517000|221780|114703981000 
현대제철|KR7004020004|011|철강금속|||0|3|4|112000|114000|111000|111000|639562|71861269000 
고려아연|KR7010130003|011|철강금속|||4.15|1|5|252500|264000|250000|263500|78152|20242252500 
풍산|KR7103140000|011|철강금속|||3.25|1|5|33850|35200|33850|34900|321225|11164891150 
현대하이스코|KR7010520005|011|철강금속|||-1.67|2|3|20950|21450|20500|20600|501831|10511416450 
동국제강|KR7001230002|011|철강금속|||-0.78|2|3|25400|25750|25150|25550|337443|8609032500 
동부제철|KR7016380008|011|철강금속|||-2.74|2|3|11000|11250|10550|10650|558673|6093286400 
서원|KR7021050000|011|철강금속|||1.86|1|5|3490|3585|3390|3555|1010082|3535042225 
대창|KR7012800009|011|철강금속|||0|3|4|1655|1695|1640|1640|1899908|3157480220 
NI스틸|KR7008260002|011|철강금속|||1.88|1|5|2670|2780|2600|2715|1041372|2819575580 
대호에이엘|KR7069460004|011|철강금속|||2.08|1|5|2630|2710|2615|2705|672915|1792559215 
포스코강판|KR7058430000|011|철강금속|||0.64|1|5|31350|32200|31250|31650|52370|1663098100 
세아베스틸|KR7001430008|011|철강금속|||-1.56|2|3|22200|22650|21900|22050|58836|1300426800 
BNG스틸|KR7004560009|011|철강금속|||-0.94|2|3|10650|10650|10300|10500|122384|1278199900 
동양철관|KR7008970006|011|철강금속|||-0.79|2|3|1270|1280|1250|1255|981068|1242020845 
동일산업|KR7004890000|011|철강금속|||0.14|1|5|70000|71400|69900|69900|16876|1190833600 
배명금속|KR7011800000|011|철강금속|||-1.85|2|3|1075|1085|1050|1060|1030274|1098831440 
이구산업|KR7025820002|011|철강금속|||-2.75|2|3|1820|1830|1765|1765|560774|1006987760 
대양금속|KR7009190000|011|철강금속|||-0.48|2|3|1060|1075|1030|1045|841292|882325600 
동양강철|KR7001780006|011|철강금속|||-0.7|2|3|3560|3620|3540|3560|234309|836478640 
한국철강|KR7104700000|011|철강금속|||-2.6|2|3|32850|32850|31850|31850|21503|691740050 
대한제강|KR7084010008|011|철강금속|||0.11|1|5|9410|9440|9300|9420|64338|601832690 
부국철강|KR7026940007|011|철강금속|||-2.64|2|3|2470|2485|2400|2400|174029|422838400 
하이스틸|KR7071090005|011|철강금속|||1.39|1|5|21700|22100|21350|21950|16173|352386450 
황금에스티|KR7032560005|011|철강금속|||-1.71|2|3|6960|7010|6860|6880|44313|306061040 
TCC동양|KR7002710002|011|철강금속|||0|3|4|4890|4990|4890|4950|61314|302765400 
신화실업|KR7001770007|011|철강금속|||0.78|1|5|19500|19500|19100|19500|14445|279087500 
DSR제강|KR7069730000|011|철강금속|||0.25|1|5|4010|4085|4000|4045|65899|266560255 
고려제강|KR7002240000|011|철강금속|||0|3|4|38650|39100|38250|39000|6662|258203300 
유니온스틸|KR7003640000|011|철강금속|||-1.33|2|3|22400|22650|22200|22200|9660|216282000 
휴스틸|KR7005010004|011|철강금속|||-0.87|2|3|17200|17250|16900|17000|11367|193633000 
BNG스틸우|KR7004561007|011|철강금속|||14.73|4|7|10050|11450|10050|11450|16753|189061350 
남선알미늄|KR7008350001|011|철강금속|||0|3|4|695|695|685|695|268344|185022280 
문배철강|KR7008420002|011|철강금속|||0.82|1|5|2475|2485|2425|2465|71650|175752100 
세아제강|KR7003030004|011|철강금속|||-1.79|2|3|41800|42450|41050|41050|3655|151590750 
영풍|KR7000670000|011|철강금속|||-1.09|2|3|644000|644000|633000|637000|221|140906000 
조일알미늄|KR7018470005|011|철강금속|||-0.77|2|3|9000|9250|8900|8980|14062|126367060 
한국주철관|KR7000970004|011|철강금속|||-0.26|2|3|3875|3900|3850|3865|31176|120443190 
영흥철강|KR7012160008|011|철강금속|||-0.75|2|3|9350|9350|9190|9230|10371|95728630 
한일철강|KR7002220002|011|철강금속|||-0.61|2|3|16000|16550|16000|16300|4770|78037500 
만호제강|KR7001080001|011|철강금속|||-0.62|2|3|16200|16250|15800|16100|4840|77363500 
대한은박지|KR7007480007|011|철강금속|||0.63|1|5|800|810|785|805|96450|76642150 
한국특수형강|KR7007280001|011|철강금속|||-0.39|2|3|50700|51400|49800|50500|1525|76503200 
삼아알미늄|KR7006110001|011|철강금속|||-1.41|2|3|35850|35850|34550|35000|950|33225500 
동양철관우|KR7008971004|011|철강금속|||3.24|1|5|26150|27300|26150|27050|1185|31648250 
금강공업|KR7014280002|011|철강금속|||0.38|1|5|8060|8070|7990|8030|3925|31442610 
남선알미우|KR7008351009|011|철강금속|||4.58|1|5|2800|3310|2800|3310|7760|23893900 
디씨엠|KR7024090003|011|철강금속|||-0.36|2|3|8270|8270|8150|8200|1890|15497000 
금강공업우|KR7014281000|011|철강금속|||-0.26|2|3|7650|7770|7600|7770|891|6790370 
동부제철우|KR7016381006|011|철강금속|||0|3|4|4510|4630|4510|4630|229|1036870 
대창우|KR7012801007|011|철강금속|||0.65|1|5|154000|155000|154000|154500|4|617500 
두산인프라코어|KR7042670000|012|기계|||0|3|4|22000|22000|21600|21900|1813064|39566027400 
두산중공업|KR7034020008|012|기계|||0.14|1|5|73200|73700|72600|73100|365916|26743351500 
조선선재|KR7120030002|012|기계|||1.49|1|5|67300|73800|66100|68100|139979|9900223000 
STX엔진|KR7077970002|012|기계|||-1.1|2|3|27300|27300|26800|27000|292392|7891977300 
KC코트렐|KR7119650000|012|기계|||14.83|4|7|16500|16650|15800|16650|461392|7587616450 
대경기계|KR7015590003|012|기계|||-8.17|2|2|3250|3270|2965|2980|1413646|4316434540 
한국카본|KR7017960006|012|기계|||1.87|1|5|5900|6160|5900|5980|626017|3796068770 
케이아이씨|KR7007460009|012|기계|||1.5|1|5|6030|6350|5990|6080|571820|3535042200 
세원셀론텍|KR7091090001|012|기계|||-6.55|2|2|5410|5420|5120|5140|624787|3257644980 
계양전기|KR7012200002|012|기계|||-5.13|2|2|2705|2750|2570|2590|1160574|3042817560 
한라공조|KR7018880005|012|기계|||-2.23|2|3|18000|18050|17400|17500|148766|2617034000 
퍼스텍|KR7010820009|012|기계|||0.2|1|5|2535|2560|2480|2485|1005735|2525496090 
한미반도체|KR7042700005|012|기계|||2.82|1|5|7450|7660|7450|7650|160535|1214084770 
기신정기|KR7092440007|012|기계|||-3.13|2|3|5760|5800|5570|5580|196787|1113069060 
엔케이|KR7085310001|012|기계|||-4.86|2|3|9190|9190|8800|8800|124486|1109644270 
성진지오텍|KR7051310001|012|기계|||-1.95|2|3|12850|12850|12550|12600|77870|988531500 
신성ENG|KR7104110002|012|기계|||0.11|1|5|4700|4795|4665|4670|191980|908388505 
S&TC|KR7100840008|012|기계|||-2.26|2|3|19850|20050|19400|19500|42571|834970000 
참엔지니어링|KR7009310004|012|기계|||2.14|1|5|3015|3100|3000|3100|266318|810402400 
이엔쓰리|KR7074610007|012|기계|||12.73|1|7|555|625|550|620|1325270|798545550 
대동공업|KR7000490003|012|기계|||-4.36|2|3|5460|5550|5050|5260|130006|680242100 
STX메탈|KR7071970008|012|기계|||-1.79|2|3|11200|11200|11000|11000|59325|657059500 
신성FA|KR7104120001|012|기계|||-0.33|2|3|4500|4575|4470|4470|142389|641459780 
SIMPAC|KR7009160003|012|기계|||-2.23|2|3|4040|4045|3945|3945|140478|557518310 
한신기계|KR7011700002|012|기계|||0.96|1|5|1560|1585|1560|1575|251087|394397875 
현대엘리베이|KR7017800004|012|기계|||1.95|1|5|51400|52500|51100|52300|7460|385072500 
동양물산|KR7002900009|012|기계|||-1.9|2|3|7330|7360|7150|7210|45238|326989480 
우진세렉스|KR7049800006|012|기계|||-0.19|2|3|2670|2690|2580|2665|115831|304037565 
삼익THK|KR7004380002|012|기계|||0.59|1|5|5100|5240|5010|5130|58160|295293100 
우신시스템|KR7017370008|012|기계|||0.98|1|5|3090|3130|3060|3095|62320|192822550 
한국주강|KR7025890005|012|기계|||-0.24|2|3|4230|4255|4150|4200|18011|75484800 
화천기계|KR7010660009|012|기계|||0.87|1|5|17250|17400|17100|17400|3400|58729000 
화천기공|KR7000850008|012|기계|||0|3|4|37000|37100|36700|37000|1442|53331000 
수산중공업|KR7017550005|012|기계|||0.63|1|5|795|795|785|795|60280|47554550 
동아에스텍|KR7058730003|012|기계|||0|3|4|2385|2435|2385|2410|15480|37452050 
청호컴넷|KR7012600003|012|기계|||-0.5|2|3|8030|8030|7960|7990|4510|36051900 
삼화왕관|KR7004450003|012|기계|||1.39|1|5|21900|22000|21900|21900|1050|23051000 
계양전기우|KR7012201000|012|기계|||-2.68|2|3|1465|1465|1390|1450|11497|16333550 
대림통상|KR7006570006|012|기계|||-0.25|2|3|4030|4065|4020|4050|2390|9633800 
삼양엔텍|KR7008720005|012|기계|||-0.18|2|3|27200|27200|27150|27200|200|5439500 
수산중공우|KR7017551003|012|기계|||0|3|4|180000|180000|180000|180000|10|1800000 
삼성전자|KR7005930003|013|전기전자|||-1.12|2|3|800000|804000|791000|793000|281589|223909912000 
하이닉스|KR7000660001|013|전기전자|||-0.44|2|3|22850|23250|22600|22600|7329207|167640059930 
삼성전기|KR7009150004|013|전기전자|||1.19|1|5|127000|130000|127000|127500|1224662|157260220500 
LG디스플레이|KR7034220004|013|전기전자|||0.93|1|5|37800|38150|37450|38050|2163191|81919223800 
LG전자|KR7066570003|013|전기전자|||-0.93|2|3|106000|107000|105500|106000|751558|79894800500 
LG이노텍|KR7011070000|013|전기전자|||3.6|1|5|141500|145500|141000|144000|515537|74225635000 
삼성SDI|KR7006400006|013|전기전자|||0.3|1|5|167000|170500|167000|168500|256102|43277046500 
성문전자|KR7014910004|013|전기전자|||-14.29|2|1|3700|3810|3065|3090|11450255|40578439420 
삼성테크윈|KR7012450003|013|전기전자|||2.71|1|5|111000|113500|110500|113500|269098|30114867500 
웅진에너지|KR7103130001|013|전기전자|||3.8|1|5|15850|16700|15800|16400|1413433|23073192700 
LS산전|KR7010120004|013|전기전자|||1.51|1|5|86000|87500|85400|87200|258444|22466305600 
삼화콘덴서|KR7001820000|013|전기전자|||1.69|1|5|11900|12650|11850|12000|1056157|13049914850 
한솔LCD|KR7004710000|013|전기전자|||2.45|1|5|47250|48900|47250|48100|187239|9045716350 
신성홀딩스|KR7011930005|013|전기전자|||0.99|1|5|6070|6300|5970|6130|1345694|8287799270 
대우부품|KR7009320003|013|전기전자|||-2.99|2|3|3190|3270|3080|3085|2398809|7560227680 
광전자|KR7017900002|013|전기전자|||-3.4|2|3|4875|4875|4640|4685|1376156|6495877070 
대한전선|KR7001440007|013|전기전자|||0|3|4|10550|10650|10400|10500|598309|6285174550 
삼성전자우|KR7005931001|013|전기전자|||-0.18|2|3|553000|553000|544000|544000|11002|6044634000 
일진디스플|KR7020760005|013|전기전자|||3.17|1|5|8820|9300|8820|9110|499813|4557158670 
삼화전기|KR7009470006|013|전기전자|||3.07|1|5|5580|6260|5500|5700|696161|4158842000 
동부하이텍|KR7000990002|013|전기전자|||-0.85|2|3|9540|9560|9240|9350|382683|3576263850 
일진전기|KR7103590006|013|전기전자|||-3.23|2|3|10800|10850|10450|10500|287098|3043551350 
KEC|KR7092220003|013|전기전자|||0.34|1|5|1475|1495|1455|1470|2022056|2983670700 
세방전지|KR7004490009|013|전기전자|||-0.34|2|3|29950|29950|29100|29650|84274|2485569650 
삼영전자|KR7005680004|013|전기전자|||1.22|1|5|12400|12650|12350|12450|128503|1608399850 
대덕전자|KR7008060006|013|전기전자|||-0.15|2|3|6850|6910|6800|6840|226272|1549633880 
LG전자우|KR7066571001|013|전기전자|||-0.34|2|3|43300|43800|43250|43500|30007|1305665500 
금호전기|KR7001210004|013|전기전자|||1.16|1|5|43050|43850|43050|43500|29346|1274276250 
필룩스|KR7033180001|013|전기전자|||1.96|1|5|1535|1620|1525|1560|697830|1097588300 
대덕GDS|KR7004130001|013|전기전자|||0|3|4|9820|9860|9720|9770|112205|1097344400 
광명전기|KR7017040007|013|전기전자|||-2.83|2|3|1580|1585|1545|1545|621340|970935390 
이수페타시스|KR7007660004|013|전기전자|||0|3|4|3295|3330|3260|3300|256853|845066000 
로케트전기|KR7000420000|013|전기전자|||-0.46|2|3|10850|10900|10550|10750|73700|791518950 
삼성전기우|KR7009151002|013|전기전자|||0.37|1|5|53500|54900|53500|53700|13559|735586800 
허메스홀딩스|KR7012400008|013|전기전자|||-7.84|2|2|2040|2080|1880|1880|363681|714433280 
셀런|KR7013240007|013|전기전자|||-5.2|2|2|860|865|810|820|820300|681302990 
유양디앤유|KR7011690005|013|전기전자|||-4.62|2|3|1705|1725|1650|1650|404871|677786495 
삼화전자|KR7011230000|013|전기전자|||3.36|1|5|2245|2540|2245|2310|255140|611018150 
삼성SDI우|KR7006401004|013|전기전자|||1.53|1|5|66000|67300|65000|66500|7571|504576700 
자화전자|KR7033240003|013|전기전자|||-1.41|2|3|6420|6440|6310|6310|74885|474590050 
신도리코|KR7029530003|013|전기전자|||0.8|1|5|50300|50600|49900|50600|9424|472770400 
경인전자|KR7009140005|013|전기전자|||-4.3|2|3|17450|17450|16600|16700|21400|360942500 
휴니드|KR7005870001|013|전기전자|||0.75|1|5|4730|4880|4700|4705|75239|357550045 
대원전선|KR7006340004|013|전기전자|||-0.63|2|3|790|800|785|790|439990|347679450 
티에이치엔|KR7019180009|013|전기전자|||-5.91|2|2|1260|1270|1195|1195|268640|327529750 
한국단자|KR7025540006|013|전기전자|||0.25|1|5|20150|20200|19900|20200|13310|267008000 
쉘라인|KR7093230001|013|전기전자|||-0.25|2|3|8130|8170|8060|8100|30756|249357700 
에이엔피|KR7015260003|013|전기전자|||-3.59|2|3|835|835|805|805|292740|237519020 
주연테크|KR7044380004|013|전기전자|||-2.58|2|3|770|780|755|755|309595|236142545 
아남전자|KR7008700007|013|전기전자|||-2.25|2|3|440|445|430|435|452094|197011580 
로케트전우|KR7000421008|013|전기전자|||6.84|1|6|12950|14800|12700|14050|12594|174128700 
지에스인스트루|KR7007630007|013|전기전자|||-0.85|2|3|1165|1200|1155|1170|145167|171239740 
키스톤글로벌|KR7012170007|013|전기전자|||6.56|1|6|2300|2450|2285|2435|64352|151062780 
선도전기|KR7007610009|013|전기전자|||-0.44|2|3|2295|2295|2270|2285|56800|129581650 
JS전선|KR7005560008|013|전기전자|||0|3|4|13050|13100|12800|13000|9304|120592500 
가온전선|KR7000500009|013|전기전자|||1.13|1|5|26150|26800|26150|26800|4442|117696600 
코리아써키트|KR7007810005|013|전기전자|||0.73|1|5|4130|4190|4095|4120|26030|107565500 
동원시스템즈|KR7014820005|013|전기전자|||0.75|1|5|1325|1340|1315|1335|62041|82322485 
성문전자우|KR7014911002|013|전기전자|||14.91|4|7|2775|2775|2775|2775|28111|78008025 
유니모씨앤씨|KR7007120009|013|전기전자|||-2.98|2|3|825|835|810|815|93260|76366750 
써니전자|KR7004770004|013|전기전자|||-1.1|2|3|910|920|875|900|81500|72897400 
경동나비엔|KR7009450008|013|전기전자|||1.29|1|5|31300|31600|31000|31400|2300|72343500 
신일산업|KR7002700003|013|전기전자|||-1.2|2|3|410|415|405|410|158342|64677170 
디피씨|KR7026890004|013|전기전자|||0|3|4|1260|1260|1225|1235|49990|61491750 
대동전자|KR7008110009|013|전기전자|||-1.55|2|3|3270|3270|3145|3180|18153|57706690 
오라바이오틱스|KR7016160004|013|전기전자|||3.34|1|5|1510|1545|1495|1545|37125|56828970 
하이트론|KR7019490002|013|전기전자|||1.61|1|5|4360|4530|4305|4430|10221|45454660 
오라바이오틱스2우B|KR7016162000|013|전기전자|||3.68|1|5|14850|15500|14600|15500|1490|22122500 
아남전자우|KR7008701005|013|전기전자|||0.17|1|5|30500|30500|28100|29200|660|19153000 
허메스홀딩스우|KR7012401006|013|전기전자|||-2.17|2|3|358000|368000|353000|361000|36|12821000 
동부하이텍2우B|KR7000992008|013|전기전자|||-5.72|2|2|25750|25750|23600|23900|511|12158900 
동부하이텍1우|KR7000991000|013|전기전자|||-3.85|2|3|8550|8570|8250|8250|845|7218650 
대원전선우|KR7006341002|013|전기전자|||0.96|1|5|525|535|500|525|11520|5994350 
동원시스템즈우|KR7014821003|013|전기전자|||-0.61|2|3|840|845|815|820|5803|4836805 
대덕GDS우|KR7004131009|013|전기전자|||0|3|4|5050|5050|5050|5050|530|2676500 
코리아써우|KR7007811003|013|전기전자|||0|3|4|1420|1430|1420|1425|321|456375 
삼양옵틱스|KR7008080004|014|의료정밀|||0|3|4|1670|1685|1625|1635|12186099|20118475305 
우진|KR7105840003|014|의료정밀|||-6.88|2|2|26800|26900|25050|25050|239691|6141940400 
케이씨텍|KR7029460003|014|의료정밀|||4.51|1|5|5780|6070|5750|6030|523461|3114089700 
미래산업|KR7025560004|014|의료정밀|||-1.39|2|3|360|365|350|355|3839073|1367948525 
디아이|KR7003160009|014|의료정밀|||2.29|1|5|1755|1810|1755|1790|140446|249715040 
현대차|KR7005380001|015|운수장비|||-4.86|2|3|143500|144000|137000|137000|1967892|273511076500 
기아차|KR7000270009|015|운수장비|||-2.59|2|3|30800|31000|30000|30050|4589188|139177134000 
현대모비스|KR7012330007|015|운수장비|||-4.24|2|3|223500|225500|213500|214500|400260|86944388000 
현대중공업|KR7009540006|015|운수장비|||2.12|1|5|285500|291000|285000|288500|292134|84353188500 
삼성중공업|KR7010140002|015|운수장비|||0.19|1|5|26250|26450|25900|26150|1678848|44024094000 
현대미포조선|KR7010620003|015|운수장비|||1.21|1|5|166500|168500|164500|167500|178041|29758558500 
대우조선해양|KR7042660001|015|운수장비|||0|3|4|21850|22000|21450|21750|1322748|28831979300 
대유에이텍|KR7002880003|015|운수장비|||-4.44|2|3|1465|1490|1350|1400|12367689|17360082730 
만도|KR7060980000|015|운수장비|||-1.98|2|3|126500|126500|122000|124000|135317|16879640000 
대유신소재|KR7000300004|015|운수장비|||2.29|1|5|2175|2365|2140|2235|7110992|16151810310 
한진중공업|KR7097230007|015|운수장비|||0.99|1|5|30400|31300|30250|30700|476883|14678860500 
STX조선해양|KR7067250001|015|운수장비|||1.88|1|5|13500|13800|13400|13550|967145|13161652300 
쌍용차|KR7003620002|015|운수장비|||0.33|1|5|15150|15500|14550|15200|726697|11015317500 
한일이화|KR7007860000|015|운수장비|||-5.82|2|2|7920|7920|7330|7450|1339937|10109310120 
현대차2우B|KR7005382007|015|운수장비|||-2.14|2|3|51300|51400|49800|50200|111466|5611505750 
동양기전|KR7013570007|015|운수장비|||-4.26|2|3|7110|7130|6650|6750|783578|5324879870 
현대차우|KR7005381009|015|운수장비|||-3.38|2|3|50300|50300|48100|48600|78902|3878313900 
화신|KR7010690006|015|운수장비|||-1.53|2|3|13150|13150|12300|12900|292167|3716291850 
S&T중공업|KR7003570009|015|운수장비|||-0.28|2|3|18450|18800|17950|18050|178584|3251869100 
에스엘|KR7005850003|015|운수장비|||-4.85|2|3|11450|11500|10800|10800|276780|3060767500 
동국실업|KR7001620004|015|운수장비|||-10.19|2|1|1835|1845|1570|1630|1587424|2675597115 
동원금속|KR7018500009|015|운수장비|||-6|2|2|1460|1500|1370|1410|1375336|1966966660 
체시스|KR7033250002|015|운수장비|||1.61|1|5|930|990|900|945|2042710|1962644050 
태원물산|KR7001420009|015|운수장비|||-7.69|2|2|2555|2700|2290|2400|629540|1559302400 
세종공업|KR7033530007|015|운수장비|||-3.66|2|3|12300|12300|11600|11850|125530|1506066000 
모토닉|KR7009680000|015|운수장비|||-1.49|2|3|8720|9200|8520|8580|132120|1141616700 
S&T대우|KR7064960008|015|운수장비|||-0.74|2|3|27200|27500|26700|26950|29730|802000500 
영화금속|KR7012280004|015|운수장비|||-4.92|2|3|610|615|580|580|1065132|627436470 
SJM|KR7123700007|015|운수장비|||3.87|1|5|6950|7250|6840|7250|77790|551940940 
화승알앤에이|KR7013520002|015|운수장비|||-0.72|2|3|13900|14300|13500|13700|29150|402404500 
대원강업|KR7000430009|015|운수장비|||-2.04|2|3|2670|2710|2600|2635|151064|399818590 
S&T모터스|KR7000040006|015|운수장비|||-1.32|2|3|760|760|740|750|461756|347245060 
인지컨트롤스|KR7023800006|015|운수장비|||0.92|1|5|4400|4445|4260|4380|67274|293888920 
상신브레이크|KR7041650003|015|운수장비|||0.89|1|5|2785|2890|2780|2840|100580|283769500 
현대차3우B|KR7005383005|015|운수장비|||-2.28|2|3|43800|43800|42800|42900|5753|247368400 
디아이씨|KR7092200005|015|운수장비|||-0.13|2|3|3945|3970|3890|3910|62520|244856250 
덕양산업|KR7024900003|015|운수장비|||-3.64|2|3|11000|11500|10600|10600|19491|216400500 
인팩|KR7023810005|015|운수장비|||0.16|1|5|3045|3105|3020|3080|65970|201948750 
세원정공|KR7021820006|015|운수장비|||-0.24|2|3|83300|84300|83200|83300|2062|172586600 
삼성공조|KR7006660005|015|운수장비|||1|1|5|6980|7100|6980|7090|23340|164651400 
한국프랜지|KR7010100006|015|운수장비|||-1.4|2|3|10600|10750|10550|10600|14571|154604100 
새론오토모티브|KR7075180000|015|운수장비|||-1.08|2|3|5530|5550|5350|5470|23368|126670300 
태양금속|KR7004100004|015|운수장비|||-3.14|2|3|7830|7960|7700|7720|15420|119624600 
SJM홀딩스|KR7025530007|015|운수장비|||1.31|1|5|3050|3100|3040|3090|38900|119286250 
대창단조|KR7015230006|015|운수장비|||-0.82|2|3|18350|18400|18150|18200|6473|117975600 
부산주공|KR7005030002|015|운수장비|||0.83|1|5|3035|3110|3010|3025|26920|81858100 
평화산업|KR7090080003|015|운수장비|||-1.29|2|3|1565|1570|1520|1530|49230|75605300 
유성기업|KR7002920007|015|운수장비|||-0.2|2|3|2480|2520|2450|2490|23575|58467450 
삼성중공우|KR7010141000|015|운수장비|||0|3|4|34100|34200|33600|33900|1216|41315300 
현대모비스우|KR7012331005|015|운수장비|||-2.24|2|3|91800|92100|91500|91500|392|35942400 
지코|KR7010580009|015|운수장비|||0|3|4|825|840|815|825|43180|35451400 
파브코|KR7101990000|015|운수장비|||1.54|1|5|1590|1680|1590|1650|2820|4632150 
태양금속우|KR7004101002|015|운수장비|||1.18|1|5|4235|4290|4235|4285|60|256150 
삼성물산|KR7000830000|016|유통업|||2.21|1|5|59900|60800|59200|60200|1504747|90561215700 
SK네트웍스|KR7001740000|016|유통업|||-3.15|2|3|11150|11250|10700|10750|2706758|29570145750 
대성산업|KR7128820008|016|유통업|||10.74|1|7|64900|69500|64000|67000|330612|22507612000 
삼영홀딩스|KR7004920005|016|유통업|||-6.49|2|2|76600|78000|65800|69200|314114|22176930900 
STX|KR7011810009|016|유통업|||2.39|1|5|21000|21650|20700|21450|933125|19874653950 
LG상사|KR7001120005|016|유통업|||0|3|4|34150|34300|33250|34150|488186|16416534200 
아이마켓코리아|KR7122900004|016|유통업|||-2.1|2|3|26050|26250|25550|25700|630693|16303889400 
현대백화점|KR7069960003|016|유통업|||-2.77|2|3|127000|127500|122500|123000|90738|11258494100 
대우인터내셔널|KR7047050000|016|유통업|||1.74|1|5|34450|35100|34000|35050|324559|11236211900 
대우차판매|KR7004550000|016|유통업|||-4.93|2|3|3805|4050|3765|3860|2765057|10719142055 
신세계|KR7004170007|016|유통업|||-1.73|2|3|572000|582000|568000|568000|18709|10689726000 
롯데쇼핑|KR7023530009|016|유통업|||-1.16|2|3|386500|390000|381000|383500|24477|9394886000 
대성지주|KR7005620000|016|유통업|||14.84|4|7|137500|147000|137000|147000|58084|8434546000 
호텔신라|KR7008770000|016|유통업|||-0.38|2|3|26100|26400|25950|26000|261710|6847125000 
로엔케이|KR7006490007|016|유통업|||14.86|4|7|1100|1275|1080|1275|5460531|6591278525 
대우차판매1우|KR7004551008|016|유통업|||14.69|1|7|4650|5630|4650|5620|1088101|5757741310 
현대그린푸드|KR7005440003|016|유통업|||-1.09|2|3|10150|10450|9990|9990|491686|5014733950 
롯데미도파|KR7004010005|016|유통업|||-3.85|2|3|13000|13150|12500|12500|199777|2543614500 
현대상사|KR7011760006|016|유통업|||0.19|1|5|26800|27000|26450|26850|60874|1623171900 
GS글로벌|KR7001250000|016|유통업|||-1.86|2|3|18700|18850|18450|18450|57023|1062045000 
고려포리머|KR7009810003|016|유통업|||-12.83|2|1|935|935|795|815|1207161|1019683270 
한국화장품|KR7123690000|016|유통업|||-1.12|2|3|4020|4055|3970|3970|215001|859233220 
LS네트웍스|KR7000680009|016|유통업|||11.83|1|7|6680|7660|6650|7470|111543|818607450 
삼성물산우|KR7000831008|016|유통업|||4.6|1|5|20800|22350|20800|21600|31223|673859800 
영원무역|KR7111770004|016|유통업|||-0.22|2|3|8960|9060|8750|9030|52973|473066190 
인큐브테크|KR7020120002|016|유통업|||-5.67|2|2|3065|3065|2775|2830|155240|446895400 
우리들생명과학|KR7118000009|016|유통업|||-0.85|2|3|590|610|585|585|752983|442486220 
SG세계물산|KR7004060000|016|유통업|||-3.03|2|3|330|330|305|320|1356570|428862510 
한샘|KR7009240003|016|유통업|||0|3|4|11950|11950|11800|11900|33550|399231000 
신성통상|KR7005390000|016|유통업|||3.7|1|5|540|570|525|560|636518|350445280 
와이비로드|KR7010600005|016|유통업|||-2.86|2|3|355|355|335|340|913795|312693550 
혜인|KR7003010006|016|유통업|||-0.77|2|3|3910|3925|3850|3880|65088|252818640 
SK가스|KR7018670000|016|유통업|||-0.35|2|3|42000|43000|42000|42750|5478|233185500 
삼영무역|KR7002810000|016|유통업|||0|3|4|4700|4720|4645|4670|44151|205933120 
세우글로벌|KR7013000005|016|유통업|||-0.56|2|3|880|925|880|885|219420|196830500 
아티스|KR7101140002|016|유통업|||-14.93|5|1|285|285|285|285|665236|189592260 
코아스웰|KR7071950000|016|유통업|||-6.27|2|2|1390|1440|1345|1345|135501|187284395 
청호전자통신|KR7012410007|016|유통업|||-3.57|2|3|140|145|135|135|1313507|180449080 
이화산업|KR7000760009|016|유통업|||-2.7|2|3|11100|11300|10800|10800|13982|154771700 
대구백화점|KR7006370001|016|유통업|||0|3|4|12300|12300|12150|12300|11680|142863000 
E1|KR7017940008|016|유통업|||0.38|1|5|53300|53800|53000|53500|2592|138427600 
광주신세계|KR7037710001|016|유통업|||0|3|4|154000|155000|153000|154500|772|118755500 
유니퀘스트|KR7077500007|016|유통업|||0.89|1|5|3355|3400|3265|3385|31650|105427000 
한창|KR7005110002|016|유통업|||-2.53|2|3|395|395|380|385|217130|83590400 
SK네트웍스우|KR7001741008|016|유통업|||3.42|1|5|13300|14100|13050|13600|5760|78941500 
현대DSF|KR7016510000|016|유통업|||0|3|4|9040|9090|8930|9000|8310|74957900 
LS네트웍스우|KR7000681007|016|유통업|||14.89|4|7|52500|59400|52300|59400|1148|66288000 
한화타임월드|KR7027390004|016|유통업|||-0.94|2|3|15950|15950|15550|15750|4030|63150000 
세이브존I&C|KR7067830000|016|유통업|||0|3|4|2535|2585|2520|2585|17650|44949350 
모나미|KR7005360003|016|유통업|||1.14|1|5|1760|1785|1745|1780|24010|42169800 
국동|KR7005320007|016|유통업|||-1.35|2|3|360|370|360|365|86110|31467000 
윌비스|KR7008600009|016|유통업|||0.93|1|5|2690|2725|2650|2705|7958|21428590 
신흥|KR7004080008|016|유통업|||-1.42|2|3|10500|10700|10400|10400|1821|19040400 
남성|KR7004270005|016|유통업|||0.5|1|5|8080|8080|7950|8050|1700|13582500 
세우글로벌우|KR7013001003|016|유통업|||3.06|1|5|54400|55000|48400|53900|219|11010150 
고려포리머우|KR7009811001|016|유통업|||-1.09|2|3|920000|920000|835000|910000|3|2665000 
한국전력|KR7015760002|017|전기가스업|||-0.78|2|3|31850|32000|31400|31600|1593668|50465752400 
삼천리|KR7004690004|017|전기가스업|||0.98|1|5|107500|112000|102500|103000|102301|10926493000 
한국가스공사|KR7036460004|017|전기가스업|||-0.57|2|3|43750|43900|43150|43600|161763|7026764950 
지역난방공사|KR7071320006|017|전기가스업|||-0.16|2|3|62700|63700|62500|62900|4211|264989100 
대한가스|KR7026870006|017|전기가스업|||-0.86|2|3|28750|29000|28450|28750|2083|59440750 
경남에너지|KR7008020000|017|전기가스업|||0.55|1|5|2730|2750|2705|2730|16281|44380980 
부산가스|KR7015350002|017|전기가스업|||-0.23|2|3|21550|21550|21300|21500|1470|31498000 
경동가스|KR7012320008|017|전기가스업|||0|3|4|40850|41200|40800|41000|620|25374000 
서울가스|KR7017390006|017|전기가스업|||-0.22|2|3|44800|45050|44550|45050|454|20316700 
예스코|KR7015360001|017|전기가스업|||0|3|4|23800|23800|23600|23700|501|11877200 
인천도시가스|KR7034590000|017|전기가스업|||-0.63|2|3|23650|23800|23650|23650|227|5370550 
현대건설|KR7000720003|018|건설업|||2.29|1|5|65500|67000|64700|66900|1044572|69456439100 
한전KPS|KR7051600005|018|건설업|||-2.71|2|3|59100|59800|56500|57500|431197|24857336700 
금호산업|KR7002990000|018|건설업|||13.54|1|7|4010|4540|4000|4485|4948381|21408831300 
삼호개발|KR7010960003|018|건설업|||7.98|1|6|3430|3820|3350|3655|5599045|20249491255 
GS건설|KR7006360002|018|건설업|||0.26|1|5|75100|76200|75100|75900|231626|17538971700 
대림산업|KR7000210005|018|건설업|||-0.3|2|3|66800|67300|66300|66300|148750|9907779300 
현대산업|KR7012630000|018|건설업|||-0.77|2|3|26000|26550|25800|25800|361156|9423660000 
대우건설|KR7047040001|018|건설업|||-0.96|2|3|10350|10450|10250|10300|493777|5104390400 
남광토건|KR7001260009|018|건설업|||-2.05|2|3|3370|3400|3345|3345|754135|2536161565 
금호산업우|KR7002991008|018|건설업|||14.89|4|7|2970|2970|2750|2970|570459|1685149930 
진흥기업|KR7002780005|018|건설업|||-2.04|2|3|490|490|480|480|2351099|1140337660 
한라건설|KR7014790000|018|건설업|||0.79|1|5|12550|12750|12500|12700|76675|967484600 
태영건설|KR7009410002|018|건설업|||-1.53|2|3|4920|4920|4830|4835|175916|854981375 
성지건설|KR7005980008|018|건설업|||14.86|4|7|800|850|770|850|830612|691163510 
두산건설|KR7011160009|018|건설업|||1.61|1|5|4355|4440|4330|4420|137016|601346520 
삼부토건|KR7001470004|018|건설업|||-2.11|2|3|14200|14300|13750|13900|40850|570114500 
벽산건설우|KR7002531002|018|건설업|||14.97|4|7|8380|8830|7690|8830|49142|427121010 
동아지질|KR7028100006|018|건설업|||0.72|1|5|13900|14050|13850|13950|21960|306000500 
벽산건설|KR7002530004|018|건설업|||3.53|1|5|1600|1670|1565|1615|183859|294685115 
현대건설우|KR7000721001|018|건설업|||3.24|1|5|34300|39100|33200|35100|7225|269012950 
계룡건설|KR7013580006|018|건설업|||-0.69|2|3|14450|14550|14350|14350|16560|239627500 
고려개발|KR7004200002|018|건설업|||-0.56|2|3|3560|3560|3500|3535|67251|237037635 
삼환기업|KR7000360008|018|건설업|||0.47|1|5|8630|8670|8580|8620|26640|229800200 
동양건설|KR7005900006|018|건설업|||-6.91|2|2|10900|10900|9960|10100|20383|210344100 
풍림산업|KR7001310002|018|건설업|||1.27|1|5|1990|2080|1970|1995|98862|199582690 
경남기업|KR7000800003|018|건설업|||-0.38|2|3|7900|7900|7770|7820|20470|160123800 
코오롱건설|KR7003070000|018|건설업|||1.78|1|5|3960|4040|3950|4010|30760|122781100 
동부건설|KR7005960000|018|건설업|||0.46|1|5|6490|6570|6400|6500|14122|91752100 
중앙건설|KR7015110000|018|건설업|||1.53|1|5|2300|2380|2285|2325|34054|78542750 
삼호|KR7001880004|018|건설업|||0.67|1|5|2230|2315|2230|2250|31550|71428250 
화성산업|KR7002460004|018|건설업|||0.32|1|5|4680|4720|4650|4695|10650|49955600 
신한|KR7005450002|018|건설업|||-1.63|2|3|6170|6170|6030|6040|7120|43094500 
일성건설2우B|KR7013362009|018|건설업|||2.74|1|5|27200|32000|27200|30050|996|29649800 
한일건설|KR7006440002|018|건설업|||0.63|1|5|2390|2450|2390|2415|11430|27499900 
한신공영|KR7004960001|018|건설업|||0|3|4|8450|8490|8400|8490|3240|27276600 
대림산업우|KR7000211003|018|건설업|||0.69|1|5|21850|21900|21800|21900|660|14397000 
범양건영|KR7002410009|018|건설업|||0.72|1|5|4880|4915|4860|4915|2887|14072030 
삼환기업우|KR7000361006|018|건설업|||-0.1|2|3|4895|4900|4890|4890|2720|13309650 
일성건설|KR7013360003|018|건설업|||-0.9|2|3|6620|6620|6510|6580|1293|8502840 
신세계건설|KR7034300004|018|건설업|||-1.23|2|3|11900|12150|11900|12000|673|8026500 
신일건업|KR7014350003|018|건설업|||-5.96|2|2|3900|4200|3900|4025|630|2509350 
진흥기업2우B|KR7002782001|018|건설업|||5|1|5|405|420|400|420|5120|2048550 
진흥기업우B|KR7002781003|018|건설업|||0|3|4|410|440|410|440|3773|1575620 
삼환까뮤|KR7013700000|018|건설업|||1.3|1|5|5450|5450|5440|5440|130|708400 
태영건설우|KR7009411000|018|건설업|||-0.57|2|3|1745|1745|1705|1735|210|359600 
코오롱건우|KR7003071008|018|건설업|||-0.21|2|3|2385|2420|2380|2380|90|214900 
동부건설우|KR7005961008|018|건설업|||0|3|4|3825|3825|3825|3825|10|38250 
대한항공|KR7003490000|019|운수창고업|||0.64|1|5|77700|78400|77200|78100|538613|41962419200 
한진해운|KR7117930008|019|운수창고업|||-1.08|2|3|32700|33300|31900|32000|876471|28379656850 
대한해운|KR7005880000|019|운수창고업|||-0.18|2|3|56700|57500|55800|55900|467616|26512699900 
STX팬오션|KR7028670008|019|운수창고업|||-0.41|2|3|12450|12550|12150|12250|1986439|24542676500 
글로비스|KR7086280005|019|운수창고업|||-2.08|2|3|144500|146000|140000|141500|109750|15692909500 
아시아나항공|KR7020560009|019|운수창고업|||-0.33|2|3|9100|9150|9020|9020|913348|8291472750 
한솔CSN|KR7009180001|019|운수창고업|||3.5|1|5|2020|2140|2005|2070|2309309|4817416430 
현대상선|KR7011200003|019|운수창고업|||-1.19|2|3|33450|34400|32800|33300|121310|4035565350 
한진|KR7002320000|019|운수창고업|||-2.21|2|3|36200|36200|35350|35350|69161|2464381350 
대한통운|KR7000120006|019|운수창고업|||0.8|1|5|61700|63000|61600|62800|23839|1486568400 
국보|KR7001140003|019|운수창고업|||1.45|1|5|17100|18500|17100|17500|81101|1450185000 
흥아해운|KR7003280005|019|운수창고업|||-1.95|2|3|1030|1035|995|1005|1059665|1068144775 
세방|KR7004360004|019|운수창고업|||1.94|1|5|15400|15800|15100|15750|31614|489032000 
한국공항|KR7005430004|019|운수창고업|||-2.59|2|3|40400|40450|39450|39550|10120|403571500 
봉신|KR7005350004|019|운수창고업|||-5.5|2|2|530|545|505|515|711786|369163170 
한익스프레스|KR7014130009|019|운수창고업|||-2.61|2|3|23000|23500|22300|22350|14852|336473200 
동양고속|KR7084670009|019|운수창고업|||0|3|4|20800|20800|20500|20650|13384|275064600 
KSS해운|KR7044450005|019|운수창고업|||-2.41|2|3|4565|4590|4415|4450|24542|109930900 
동방|KR7004140000|019|운수창고업|||0.57|1|5|2630|2670|2605|2645|11532|30308910 
대한항공우|KR7003491008|019|운수창고업|||-0.17|2|3|29100|29100|28600|28900|980|28278000 
KCTC|KR7009070004|019|운수창고업|||-2.42|2|3|22750|22750|22000|22200|790|17561500 
천일고속|KR7000650002|019|운수창고업|||0.89|1|5|39050|39700|38900|39700|251|9899200 
세방2우B|KR7004362000|019|운수창고업|||0|3|4|12000|12000|12000|12000|20|240000 
KT|KR7030200000|020|통신업|||0.12|1|5|42400|42700|42200|42650|756364|32464526592 
SK텔레콤|KR7017670001|020|통신업|||0.6|1|5|167500|169000|167500|169000|100034|17002297500 
LG유플러스|KR7032640005|020|통신업|||0.25|1|5|7860|7910|7840|7880|468890|3689203670 
KB금융|KR7105560007|021|금융업|||-0.19|2|3|51300|51900|50700|51200|1112151|56818352100 
신한지주|KR7055550008|021|금융업|||-1.73|2|3|48650|48900|48200|48250|1094283|52981485700 
대우증권|KR7006800007|021|금융업|024|증권|-3.47|2|3|24600|24600|23650|23650|1969344|47189642800 
삼성생명|KR7032830002|021|금융업|025|보험|-1.75|2|3|113500|114500|112000|112500|396707|44938894000 
우리금융|KR7053000006|021|금융업|||0|3|4|14500|14650|14300|14350|3046130|44022696850 
삼성증권|KR7016360000|021|금융업|024|증권|-1.07|2|3|65400|65400|64200|64500|584853|37895328300 
외환은행|KR7004940003|021|금융업|022|은행|0|3|4|12850|12900|12650|12750|2904556|37034924950 
하나금융지주|KR7086790003|021|금융업|||1.16|1|5|34100|35000|34100|34750|706471|24548227750 
삼성화재|KR7000810002|021|금융업|025|보험|-1.2|2|3|208000|210000|204500|206500|118474|24420745500 
현대증권|KR7003450004|021|금융업|024|증권|-3.01|2|3|14900|14950|14500|14500|1245941|18306643700 
우리투자증권|KR7005940002|021|금융업|024|증권|-3.62|2|3|19300|19350|18650|18650|776671|14689578150 
기업은행|KR7024110009|021|금융업|022|은행|0|3|4|15300|15400|15100|15300|903661|13733895200 
동양종금증권|KR7003470002|021|금융업|024|증권|-2.75|2|3|10850|11000|10600|10600|1121966|12040926100 
대한생명|KR7088350004|021|금융업|025|보험|-1.03|2|3|8710|8770|8660|8660|1370860|11937862080 
현대해상|KR7001450006|021|금융업|025|보험|-2.8|2|3|23250|23250|22500|22600|506184|11489680100 
부산은행|KR7005280003|021|금융업|022|은행|-1.16|2|3|12850|12950|12750|12800|611452|7875741050 
미래에셋증권|KR7037620002|021|금융업|024|증권|-1.46|2|3|61600|61600|60700|60700|128035|7810140500 
동부화재|KR7005830005|021|금융업|025|보험|-1.5|2|3|36350|36550|36050|36100|204265|7400977350 
삼성카드|KR7029780004|021|금융업|||-2.2|2|3|54000|54200|53300|53300|136395|7316942300 
SK증권|KR7001510007|021|금융업|024|증권|-1.72|2|3|2340|2345|2290|2290|2239676|5174019920 
한국금융지주|KR7071050009|021|금융업|||-1|2|3|34950|35100|34150|34500|122738|4234947500 
대구은행|KR7005270004|021|금융업|022|은행|0.68|1|5|14700|14900|14650|14850|273435|4044320250 
HMC투자증권|KR7001500008|021|금융업|024|증권|-0.52|2|3|19250|19500|19100|19100|207229|3995251100 
유진투자증권|KR7001200005|021|금융업|024|증권|-1.92|2|3|780|785|765|765|4933025|3821967425 
메리츠화재|KR7000060004|021|금융업|025|보험|-1.54|2|3|7750|7770|7630|7660|458425|3515778900 
키움증권|KR7039490008|021|금융업|024|증권|-1.31|2|3|45300|45900|44400|45100|59317|2675563700 
LIG손해보험|KR7002550002|021|금융업|025|보험|-0.41|2|3|24150|24200|23700|24000|94303|2257394800 
한화증권|KR7003530003|021|금융업|024|증권|-1.6|2|3|8150|8170|7970|8020|268270|2163264880 
대신증권|KR7003540002|021|금융업|024|증권|-0.66|2|3|15250|15250|15050|15100|103038|1558319200 
NH투자증권|KR7016420002|021|금융업|024|증권|-1.11|2|3|9980|9990|9750|9790|106527|1050331440 
코리안리|KR7003690005|021|금융업|025|보험|-1.75|2|3|11400|11500|11200|11200|85458|963853500 
동양생명보험|KR7082640004|021|금융업|025|보험|0.78|1|5|12800|12850|12600|12850|73833|939008350 
교보증권|KR7030610000|021|금융업|024|증권|-1.29|2|3|9330|9330|9160|9180|98611|908907080 
대우증권스팩|KR7121910004|021|금융업|||1.38|1|5|3610|3790|3610|3680|233773|861488840 
메리츠종금증권|KR7008560005|021|금융업|024|증권|-0.99|2|3|1010|1015|995|1000|648313|651346620 
우리스팩1호|KR7122750003|021|금융업|||-0.4|2|3|9950|10000|9930|9950|65080|648276200 
한화손해보험|KR7000370007|021|금융업|025|보험|-1.21|2|3|9920|9930|9740|9780|65810|645849020 
KTB투자증권|KR7030210009|021|금융업|024|증권|-1.22|2|3|3690|3695|3600|3630|163120|593260200 
롯데손해보험|KR7000400002|021|금융업|025|보험|-1.5|2|3|7350|7350|7230|7240|78123|568656250 
맥쿼리인프라|KR7088980008|021|금융업|||0.22|1|5|4515|4545|4510|4515|125007|565611805 
전북은행|KR7006350003|021|금융업|022|은행|-1.1|2|3|6400|6400|6310|6310|75243|476198660 
동부증권|KR7016610008|021|금융업|024|증권|-0.16|2|3|6160|6230|6140|6160|65482|404440950 
금호종금|KR7010050003|021|금융업|||-1.04|2|3|965|965|950|955|263662|252434295 
대우증권우|KR7006801005|021|금융업|024|증권|-1.22|2|3|9000|9000|8780|8870|20762|183565840 
우리파이낸셜|KR7021960000|021|금융업|||-1.82|2|3|8920|8920|8640|8650|18077|156964850 
신영증권우|KR7001721000|021|금융업|024|증권|0.35|1|5|28900|28900|28700|28800|5180|148686500 
대신증권우|KR7003541000|021|금융업|024|증권|-0.11|2|3|9500|9500|9460|9480|15201|144190080 
아주캐피탈|KR7033660002|021|금융업|||4.02|1|5|3970|4150|3965|4140|33990|139928800 
동양밸류스팩|KR7122290000|021|금융업|||0|3|4|10100|10200|10050|10100|13390|135394000 
한국개발금융|KR7010460004|021|금융업|||-0.64|2|3|31300|31300|31000|31200|4280|132853000 
한양증권|KR7001750009|021|금융업|024|증권|-0.64|2|3|9340|9350|9250|9270|12770|118553400 
그린손해보험|KR7000470005|021|금융업|025|보험|1.2|1|5|4160|4220|4100|4210|27790|115958550 
골든브릿지증권|KR7001290006|021|금융업|024|증권|-1.64|2|3|2140|2140|2080|2095|42870|90264800 
진흥저축은행|KR7007200009|021|금융업|||1.6|1|5|3440|3505|3440|3495|25172|87721890 
신영증권|KR7001720002|021|금융업|024|증권|-0.93|2|3|37500|37750|37050|37150|2343|87211950 
부국증권|KR7001270008|021|금융업|024|증권|-3.03|2|3|16550|16600|15950|16000|5142|83195000 
한화증권우|KR7003531001|021|금융업|024|증권|0.12|1|5|4080|4155|4050|4095|17670|72007450 
대신증권2우B|KR7003542008|021|금융업|024|증권|-0.11|2|3|8920|8920|8840|8860|8044|71275640 
흥국화재|KR7000540005|021|금융업|025|보험|-0.96|2|3|6170|6280|6160|6200|10570|65403200 
한국저축은행|KR7025610007|021|금융업|||-3.51|2|3|9900|9900|9500|9630|5412|51764160 
우리투자증권우|KR7005941000|021|금융업|024|증권|-0.92|2|3|8650|8680|8550|8610|5732|49331800 
동양종금증권1우|KR7003471000|021|금융업|024|증권|-0.68|2|3|4500|4500|4405|4410|9860|43526600 
한국금융지주우|KR7071051007|021|금융업|||-0.4|2|3|12600|12600|12550|12550|3231|40574550 
솔로몬저축은행|KR7007800006|021|금융업|||0.48|1|5|3150|3190|3125|3165|12670|39828800 
삼성화재우|KR7000811000|021|금융업|025|보험|-0.54|2|3|92500|92500|92000|92000|422|38864700 
SK증권우|KR7001511005|021|금융업|024|증권|0|3|4|1575|1615|1570|1600|22624|35883750 
제일저축은행|KR7024100000|021|금융업|||-1.09|2|3|6390|6400|6320|6330|1890|11993900 
부국증권우|KR7001271006|021|금융업|024|증권|0|3|4|10650|10650|10650|10650|1020|10863000 
흥국화재2우B|KR7000542001|021|금융업|025|보험|0|3|4|5000|5000|5000|5000|1730|8650000 
제주은행|KR7006220008|021|금융업|022|은행|0|3|4|5850|5850|5850|5850|870|5089500 
서울저축은행|KR7016560005|021|금융업|||4.59|1|5|3710|3870|3710|3870|1170|4445100 
유화증권|KR7003460003|021|금융업|024|증권|0.68|1|5|14750|14850|14750|14850|260|3853500 
한양증권우|KR7001751007|021|금융업|024|증권|-0.87|2|3|8050|8050|7950|8000|360|2884500 
흥국화재우|KR7000541003|021|금융업|025|보험|-0.8|2|3|1820|1865|1815|1855|1280|2341200 
삼성엔지니어링|KR7028050003|026|서비스업|||-0.78|2|3|128500|129000|123500|127500|321206|40231129000 
LS|KR7006260004|026|서비스업|||0|3|4|104500|107500|104000|104000|346760|36703181000 
더존비즈온|KR7012510004|026|서비스업|||-14.85|5|1|23350|23650|20350|20350|1686394|35740906900 
GS|KR7078930005|026|서비스업|||1.59|1|5|47200|48950|47200|47850|735204|35361890900 
두산|KR7000150003|026|서비스업|||2.4|1|5|125000|129000|123000|128000|276828|34944718000 
엔씨소프트|KR7036570000|026|서비스업|||2.99|1|5|200500|207000|199000|207000|156525|31900660500 
GKL|KR7114090004|026|서비스업|||-8.14|2|2|23150|23200|21350|21450|1265969|27687281550 
LG|KR7003550001|026|서비스업|||0.36|1|5|83600|84700|82700|84300|325432|27299303900 
NHN|KR7035420009|026|서비스업|||-1.03|2|3|195000|195000|190000|192000|133186|25603337500 
SK C&C|KR7034730002|026|서비스업|||3.03|1|5|92600|95500|92100|95100|252014|23818639700 
한전기술|KR7052690005|026|서비스업|||-7.31|2|2|109000|109500|101500|101500|212849|22185791500 
다우기술|KR7023590003|026|서비스업|||12.57|1|7|7580|8500|7540|8330|2664097|21580318040 
SK|KR7003600004|026|서비스업|||0.52|1|5|96000|97500|95700|96800|140914|13625991900 
강원랜드|KR7035250000|026|서비스업|||-1.4|2|3|21150|21300|20950|21100|475420|10019478170 
CJ|KR7001040005|026|서비스업|||2.59|1|5|74400|75900|73600|75400|118994|8951571200 
에스원|KR7012750006|026|서비스업|||-1.75|2|3|57000|58000|56100|56300|107459|6110013800 
웅진씽크빅|KR7095720009|026|서비스업|||-1.44|2|3|24200|24250|23650|23900|241248|5750946700 
웅진코웨이|KR7021240007|026|서비스업|||-1.29|2|3|42800|42850|41700|42200|134971|5707060750 
제일기획|KR7030000004|026|서비스업|||-1.24|2|3|12100|12150|11800|11900|396841|4729936050 
신세계푸드|KR7031440001|026|서비스업|||-0.62|2|3|82000|82000|80700|80700|50499|3990624800 
코오롱|KR7002020006|026|서비스업|||-2.56|2|3|33700|33700|32300|32350|87471|2873820350 
KC그린홀딩스|KR7009440009|026|서비스업|||2.55|1|5|5120|5500|5120|5230|516409|2751655380 
CJ CGV|KR7079160008|026|서비스업|||2.76|1|5|21800|22350|21700|22300|104984|2312963650 
콤텍시스템|KR7031820004|026|서비스업|||-4.37|2|3|1025|1060|980|985|2106063|2129140395 
한진해운홀딩스|KR7000700005|026|서비스업|||-0.6|2|3|16800|17000|16500|16700|120168|2008974550 
온미디어|KR7045710001|026|서비스업|||-1.33|2|3|3005|3020|2960|2960|657013|1961342630 
효성ITX|KR7094280005|026|서비스업|||11.21|1|7|5450|5990|5360|5950|322383|1855596350 
태평양|KR7002790004|026|서비스업|||-0.32|2|3|155000|155000|152000|154500|11472|1755005500 
티엘씨레저|KR7014590004|026|서비스업|||7.14|1|6|280|305|280|300|4812277|1428369410 
한진중공업홀딩스|KR7003480001|026|서비스업|||-1.54|2|3|12950|13150|12800|12800|101724|1312106700 
이스타코|KR7015020001|026|서비스업|||5.6|1|6|625|695|620|660|1906055|1262807400 
롯데관광개발|KR7032350001|026|서비스업|||3.75|1|5|24350|25700|24000|24900|48140|1186276500 
골든나래리츠|KR7119250009|026|서비스업|||1.03|1|5|15000|15000|14350|14700|79382|1161851650 
웅진홀딩스|KR7016880007|026|서비스업|||-1.26|2|3|12000|12150|11800|11800|96348|1152021600 
CS홀딩스|KR7000590000|026|서비스업|||1.06|1|5|93500|103000|93300|95000|11293|1115389200 
중외홀딩스|KR7096760004|026|서비스업|||-3.11|2|3|2400|2400|2270|2335|456221|1058634185 
SBS|KR7034120006|026|서비스업|||0.16|1|5|31900|32100|31750|31950|30419|971156850 
풍산홀딩스|KR7005810007|026|서비스업|||1.49|1|5|26500|27450|26500|27300|28656|775258800 
C&우방랜드|KR7084680008|026|서비스업|||-0.35|2|3|2860|2895|2800|2830|271106|768196600 
하이트홀딩스|KR7000140004|026|서비스업|||-2.05|2|3|22000|22200|21450|21550|32785|710115750 
영원무역홀딩스|KR7009970005|026|서비스업|||0|3|4|29700|29800|29300|29700|20150|595641500 
S&T홀딩스|KR7036530004|026|서비스업|||-0.38|2|3|13150|13250|12950|13200|37280|487476000 
IHQ|KR7003560000|026|서비스업|||-0.75|2|3|1375|1395|1320|1330|354196|478833985 
SBS미디어홀딩스|KR7101060002|026|서비스업|||-0.56|2|3|2675|2675|2630|2645|150719|399011905 
대교|KR7019680008|026|서비스업|||-2.56|2|3|5850|5860|5600|5720|64525|367903500 
일진홀딩스|KR7015860000|026|서비스업|||-1.1|2|3|3630|3630|3540|3580|99881|356954530 
세아홀딩스|KR7058650003|026|서비스업|||-0.26|2|3|76900|78000|76500|77700|3313|255824700 
LG우|KR7003551009|026|서비스업|||0|3|4|34350|34400|34300|34350|7420|254698500 
대성홀딩스|KR7016710006|026|서비스업|||0.84|1|5|8290|8480|8210|8360|28490|238055800 
삼성출판사|KR7068290006|026|서비스업|||3.02|1|5|3750|3930|3710|3920|60200|230066550 
프라임엔터|KR7017170002|026|서비스업|||-14.94|5|1|1310|1310|1310|1310|157152|205914890 
진양홀딩스|KR7100250000|026|서비스업|||0.96|1|5|1555|1590|1550|1570|124110|195056650 
KISCO홀딩스|KR7001940006|026|서비스업|||-1.52|2|3|59700|59700|58000|58200|3264|191780300 
GⅡR|KR7035000009|026|서비스업|||-1.56|2|3|8900|8900|8800|8810|16421|145250410 
농심홀딩스|KR7072710007|026|서비스업|||0.48|1|5|62900|63200|62500|62900|2270|142265900 
대상홀딩스|KR7084690007|026|서비스업|||-1.12|2|3|3110|3140|3100|3100|43750|136408550 
한솔PNS|KR7010420008|026|서비스업|||0|3|4|1770|1830|1770|1780|70633|126332490 
성창기업지주|KR7000180000|026|서비스업|||-2.28|2|3|15150|15300|14950|15000|7840|118158500 
한미파슨스|KR7053690004|026|서비스업|||-0.71|2|3|14450|14450|14000|14000|6470|91366000 
웰스브릿지|KR7015540008|026|서비스업|||-2.13|2|3|460|470|450|460|197582|89405400 
동성홀딩스|KR7102260007|026|서비스업|||-0.43|2|3|9110|9370|9110|9230|9284|86002420 
평화홀딩스|KR7010770006|026|서비스업|||2.01|1|5|3040|3090|2950|3040|24240|72719380 
신세계 I&C|KR7035510007|026|서비스업|||-0.33|2|3|61100|61400|60700|61000|1126|68625300 
노루홀딩스|KR7000320002|026|서비스업|||-0.4|2|3|5050|5050|4910|4990|12391|61637310 
GS우|KR7078931003|026|서비스업|||1.66|1|5|21300|21600|21100|21400|2685|57263000 
비상교육|KR7100220003|026|서비스업|||-0.42|2|3|9490|9490|9200|9400|5570|52381800 
유엔젤|KR7072130008|026|서비스업|||0.73|1|5|4815|4875|4815|4855|10430|50581200 
두산우|KR7000151001|026|서비스업|||1.24|1|5|36650|36700|35800|36700|1030|37504500 
텔코웨어|KR7078000007|026|서비스업|||-0.55|2|3|7300|7300|7170|7220|4700|33906600 
노루홀딩스우|KR7000321000|026|서비스업|||4.53|1|5|4725|5090|4725|5080|6480|32378600 
대웅|KR7003090008|026|서비스업|||-1.12|2|3|18200|18200|17700|17700|1760|31241500 
코오롱우|KR7002021004|026|서비스업|||0|3|4|10300|10350|10250|10350|2870|29477500 
한신정|KR7034310003|026|서비스업|||1.25|1|5|24000|24350|24000|24300|1160|27944000 
CJ우|KR7001041003|026|서비스업|||2.31|1|5|25700|26550|25700|26550|841|21998550 
한국전자홀딩스|KR7006200000|026|서비스업|||0|3|4|1860|1870|1845|1860|11800|21922350 
IB스포츠|KR7011420007|026|서비스업|||-0.26|2|3|1915|1935|1900|1910|11342|21722820 
대교우B|KR7019681006|026|서비스업|||0|3|4|3850|3850|3780|3800|5611|21322050 
노루홀딩스2우B|KR7000322008|026|서비스업|||-0.53|2|3|9260|9450|9130|9410|2210|20323800 
휘닉스컴|KR7037270006|026|서비스업|||0|3|4|1420|1420|1370|1420|14731|20296770 
티이씨앤코|KR7008900003|026|서비스업|||-2.04|2|3|240|240|235|240|84980|20002300 
SK우|KR7003601002|026|서비스업|||-0.47|2|3|42800|42800|42600|42600|420|17896000 
코리아01호|KR7090970005|026|서비스업|||-1.14|2|3|4400|4400|4350|4350|3480|15202600 
풀무원홀딩스|KR7017810003|026|서비스업|||0|3|4|42250|42300|42000|42250|341|14392250 
아시아3호|KR7081200008|026|서비스업|||-0.21|2|3|4700|4700|4690|4690|3010|14146900 
KPX홀딩스|KR7092230002|026|서비스업|||-2.23|2|3|52600|55000|52500|52500|267|14099200 
다함이텍|KR7009280009|026|서비스업|||0.94|1|5|26950|26950|26600|26950|462|12384900 
코크렙7호|KR7086720000|026|서비스업|||-0.19|2|3|5230|5230|5200|5220|2350|12274400 
아시아8호|KR7081930000|026|서비스업|||0|3|4|4700|4700|4640|4700|2020|9493400 
코크렙15호|KR7121550008|026|서비스업|||0.2|1|5|5120|5140|5110|5130|1840|9421700 
녹십자홀딩스|KR7005250006|026|서비스업|||0.11|1|5|88200|88400|88200|88300|104|9182400 
한세예스24홀딩스|KR7016450009|026|서비스업|||0.85|1|5|2970|2970|2950|2965|2880|8533650 
코크렙8호|KR7090540006|026|서비스업|||0.18|1|5|5590|5590|5540|5550|1420|7879300 
동북아1호|KR7078420007|026|서비스업|||-0.8|2|3|4990|4990|4990|4990|950|4740500 
에쓰씨엔지니어링|KR7023960008|026|서비스업|||-0.71|2|3|4200|4360|4150|4170|899|3751680 
동북아4호|KR7080970007|026|서비스업|||0|3|4|4700|4700|4700|4700|780|3666000 
태평양우|KR7002791002|026|서비스업|||-3.86|2|3|75800|75800|74800|74800|43|3231400 
아시아1호|KR7080180003|026|서비스업|||0|3|4|4895|4900|4895|4900|450|2204700 
동북아12호|KR7083370007|026|서비스업|||-4.08|2|3|4350|4350|4350|4350|500|2175000 
두산2우B|KR7000152009|026|서비스업|||2.24|1|5|38950|38950|38800|38800|50|1944500 
거북선6호|KR7114140007|026|서비스업|||1.7|1|5|4810|5500|4810|5380|220|1156800 
세기상사|KR7002420008|026|서비스업|||0|3|4|34000|34650|34000|34650|30|1026500 
아시아10호|KR7083570002|026|서비스업|||-3.04|2|3|4290|4300|4290|4300|230|988650 
거북선2호|KR7101380004|026|서비스업|||0.98|1|5|4710|5280|4710|5140|120|595600 
동북아8호|KR7082110008|026|서비스업|||0|3|4|4700|4700|4700|4700|110|517000 
아시아12호|KR7083590000|026|서비스업|||-1.38|2|3|4295|4295|4290|4290|100|429050 
아시아9호|KR7081940009|026|서비스업|||0|3|4|4670|4670|4670|4670|80|373600 
아시아6호|KR7082250002|026|서비스업|||2.93|1|5|4745|4745|4740|4740|40|189650 
하이트홀딩스우|KR7000141002|026|서비스업|||0.56|1|5|17850|17850|17850|17850|10|178500 
동북아14호|KR7083390005|026|서비스업|||8.67|1|6|4305|4890|4305|4890|30|140850 
아시아11호|KR7083580001|026|서비스업|||-3.94|2|3|4385|4385|4385|4385|30|131550 
대상홀딩스우|KR7084691005|026|서비스업|||1.19|1|5|2110|2140|2110|2125|50|106250 
녹십자홀딩스1우|KR7005251004|026|서비스업|||-1.72|2|3|57000|57000|57000|57000|1|57000 
바다로3호|KR7092630003|026|서비스업|||0.2|1|5|5050|5050|5050|5050|10|50500 
동북아5호|KR7080980006|026|서비스업|||-1.23|2|3|4805|4805|4805|4805|10|48050 
아시아2호|KR7081190001|026|서비스업|||0.11|1|5|4690|4690|4690|4690|10|46900 
동북아13호|KR7083380006|026|서비스업|||0.11|1|5|4490|4490|4490|4490|10|44900 
KT&G|KR7033780008|||||-0.32|2|3|61300|61700|60900|61400|184987|11350306700 
중국원양자원|HK0000050325|||||-0.41|2|3|7330|7500|7280|7300|351785|2593184580 
조광피혁|KR7004700001|||||-0.99|2|3|10100|10150|10000|10000|72910|734424500 
사조산업|KR7007160005|||||-0.64|2|3|31500|31800|31000|31250|16693|522575250 
삼익악기|KR7002450005|||||0.47|1|5|1060|1080|1050|1070|246390|261882650 
유니켐|KR7011330008|||||-2.78|2|3|360|360|335|350|722429|250996500 
신우|KR7025620006|||||-2.94|2|3|1050|1050|955|990|206755|203972250 
사조오양|KR7006090005|||||0.37|1|5|13750|13750|13500|13500|13496|183251500 
동원산업|KR7006040000|||||-0.4|2|3|124500|125500|123000|124000|1449|179914500 
신라교역|KR7004970000|||||0.41|1|5|12300|12450|12200|12350|13244|163574900 
맵스리얼티1|KR7094800000|||||0.17|1|5|3000|3010|2985|3005|37001|110849895 
동원수산|KR7030720007|||||-1.77|2|3|6340|6340|6060|6090|17860|108959600 
동원|KR7003580008|||||-0.85|2|3|8200|8260|8130|8130|9772|79886660 
맵스베트남1|KR7094520004|||||0|3|4|3750|3750|3705|3750|14970|55760500 
퍼시스|KR7016800005|||||-3.89|2|3|29200|29400|28400|28400|1434|41228100 
에넥스|KR7011090008|||||1.1|1|5|450|470|450|460|48320|21926950 
베트남개발1|KR7096300009|||||0|3|4|725|730|720|730|30110|21683850 
연합과기|HK0000040383|||||2.4|1|5|645|645|620|640|24850|15723050 
리바트|KR7079430005|||||-1.38|2|3|7910|7910|7820|7860|1900|14907400 
보루네오|KR7004740007|||||-1.2|2|3|2070|2070|2050|2050|5580|11474800 
화풍집단 KDR|KR8136010004|||||-1.87|2|3|2600|2790|2600|2630|2020|5509250 
한국유전15-1|KR7093820009|||||3.09|1|5|990|1015|965|1000|5200|5019850 
한국아태특별|KR7098150006|||||0|3|4|145|150|145|150|16850|2443900 
하나니켈2호|KR7099350001|||||0.57|1|5|3540|3540|3540|3540|200|708000 
삼양통상|KR7002170009|||||0|3|4|22850|22850|22850|22850|20|457000 
지비베트남1|KR7094950003|||||0.2|1|5|2505|2505|2505|2505|120|300600 
하나니켈1호|KR7099340002|||||-0.96|2|3|3595|3595|3595|3595|10|35950 
